time,heading,target_bearing,nav_bearing,wp_dist,xtrack_error,servo1,servo2,servo3,servo4,x,y,distance
1782478698.9685962,182,95,27,2,2.312530755996704,1514,0,1540,0,1.563214229870074,8.394873191475805,10.578568284579264
1782478699.4729943,184,95,27,2,2.312530755996704,1514,0,1540,0,1.563214229870074,8.394873191475805,10.578568284579264
1782478699.9776871,183,190,27,8,-2.2647910118103027,1420,0,1605,0,1.563214229870074,8.394873191475805,10.578568284579264
1782478700.4817283,181,190,27,8,-2.2647910118103027,1420,0,1605,0,1.563214229870074,8.394873191475805,10.578568284579264
1782478700.9880726,181,190,27,8,-2.215606689453125,1491,0,1581,0,1.563214229870074,8.394873191475805,10.578568284579264
1782478701.4923902,180,190,27,8,-2.215606689453125,1491,0,1581,0,1.563214229870074,8.394873191475805,10.578568284579264
1782478701.9964075,180,191,27,8,-2.1140553951263428,1615,0,1567,0,1.563214229870074,8.394873191475805,10.578568284579264
1782478702.5020711,181,191,27,7,-2.020605087280273,1780,0,1625,0,1.563214229870074,8.394873191475805,10.578568284579264
1782478703.0068593,183,191,27,7,-2.020605087280273,1780,0,1625,0,1.563214229870074,8.394873191475805,10.578568284579264
1782478703.5111845,184,191,27,7,-1.8585865497589111,1780,0,1625,0,1.563214229870074,8.394873191475805,10.578568284579264
1782478704.0151498,185,191,27,7,-1.8585865497589111,1856,0,1711,0,1.022295680759678,3.979784080339624,8.032872393662789
1782478704.5202217,186,192,27,6,-1.662717342376709,1940,0,1811,0,0.8442383277176982,3.04565471884298,7.776949130405503
1782478705.0256646,187,192,27,6,-1.662717342376709,1940,0,1811,0,0.6545105888048346,2.109924922987344,7.642512536504173
1782478705.5295873,187,193,27,6,-1.3707941770553589,1959,0,1826,0,0.4689824403953564,1.2655960880798305,7.6366196017109855
1782478706.033508,188,193,27,6,-1.3707941770553589,1959,0,1826,0,0.2826683095634613,0.4043252979814967,7.7279161076453144
1782478706.5388732,188,194,27,5,-1.0675874948501587,1943,0,1810,0,0.1458844287147744,-0.1497038723191865,7.855542161842962
1782478707.0435138,188,194,27,5,-1.0675874948501587,1943,0,1810,0,0.1458844287147744,-0.1497038723191865,7.855542161842962
1782478707.547797,188,194,27,4,-0.799677848815918,1949,0,1803,0,0.1458844287147744,-0.1497038723191865,7.855542161842962
1782478708.052287,188,196,27,2,-0.515566349029541,1842,0,1729,0,0.1458844287147744,-0.1497038723191865,7.855542161842962
1782478708.556342,190,196,27,2,-0.515566349029541,1842,0,1729,0,0.1458844287147744,-0.1497038723191865,7.855542161842962
1782478709.0609765,191,196,27,2,-0.515566349029541,1842,0,1729,0,0.1458844287147744,-0.1497038723191865,7.855542161842962
1782478709.565267,192,205,27,0,-0.01446533203125,1708,0,1568,0,0.1458844287147744,-0.1497038723191865,7.855542161842962
1782478710.0692627,193,205,27,0,-0.01446533203125,1708,0,1568,0,0.1458844287147744,-0.1497038723191865,7.855542161842962
1782478710.574577,192,24,24,9,-0.3254844546318054,1518,0,1420,0,0.1458844287147744,-0.1497038723191865,7.855542161842962
1782478711.0791168,195,24,24,9,-0.3254844546318054,1518,0,1420,0,0.1458844287147744,-0.1497038723191865,7.855542161842962
1782478711.5836582,192,23,23,10,-0.4883711636066437,1518,0,1420,0,0.1458844287147744,-0.1497038723191865,7.855542161842962
1782478712.0886228,190,23,23,10,-0.5045729875564575,1172,0,1538,0,-0.1302980320487268,-1.7590841275495115,8.318420706945039
1782478712.5938509,181,23,23,10,-0.5022584795951843,1255,0,1745,0,-0.2197879650518981,-1.725615202033851,8.39896791373216
1782478713.0982616,181,23,23,10,-0.5155671834945679,1255,0,1745,0,-0.3191199835951616,-1.7459249403252526,8.500353592569082
1782478713.6029046,174,23,23,10,-0.5155671834945679,1266,0,1734,0,-0.3818237777370801,-1.779914486313279,8.568726009134997
1782478714.107164,145,22,22,10,-0.7270597219467163,1191,0,1809,0,-0.4260109535773559,-1.895263016057256,8.636531855429007
1782478714.6122267,144,21,21,10,-0.8196420073509216,1189,0,1811,0,-0.4577303357726512,-2.0582527674596856,8.704573906137188
1782478715.1168034,117,21,21,10,-0.8031508326530457,1197,0,1803,0,-0.5024796990074766,-2.1672388434183074,8.774342438978286
1782478715.621509,107,22,22,10,-0.7053607702255249,1208,0,1792,0,-0.5382494509495314,-2.038402920693898,8.778199710289883
1782478716.1269972,75,23,23,10,-0.6009163856506348,1237,0,1763,0,-0.5116415919177151,-1.6724290086354627,8.674391124349244
1782478716.632074,62,23,23,10,-0.5459456443786621,1202,0,1798,0,-0.4442875387905655,-1.142931231749236,8.521284166032808
1782478717.1373315,26,23,23,10,-0.4689865708351135,1407,0,1593,0,-0.3718664541686526,-0.542640947646803,8.389434255329583
1782478717.641685,17,23,23,11,-0.4834525287151336,1400,0,1600,0,-0.2502841921207903,0.2732037275200009,8.254806450031946
1782478718.146532,17,23,23,11,-0.4834525287151336,1400,0,1600,0,-0.1093402230701259,1.149533769090572,8.190410657578935
1782478718.6509063,7,23,23,11,-0.5531784296035767,1645,0,1659,0,0.0730665234597343,2.108848286732531,8.202652951207279
1782478719.1550808,5,23,23,11,-0.5363979339599609,1753,0,1651,0,0.2790277291577787,3.1378342561933423,8.334231615839274
1782478719.6592422,5,24,23,10,-0.3003132939338684,1855,0,1749,0,0.486628103788911,4.17064329367227,8.59331267520437
1782478720.1635904,6,25,23,10,-0.1895039975643158,1899,0,1780,0,0.7049844923164611,5.151039142367229,8.930311053011684
1782478720.6683848,8,26,23,9,0.0943183600902557,1969,0,1845,0,0.912487486084544,6.027003781280986,9.303634140188633
1782478721.173711,9,27,23,9,0.2343489080667495,2000,0,1874,0,1.1343389068946133,6.836976257831809,9.689249021236728
1782478721.6784327,10,31,23,7,0.7195374965667725,2000,0,1874,0,1.358213721357548,7.561419173719893,10.064213078619806
1782478722.1825657,10,33,23,7,0.8656437993049622,2000,0,1874,0,1.596966101273828,8.225082767205517,10.423570867779317
1782478722.686102,10,33,23,7,0.8656437993049622,1999,0,1863,0,1.8683165105337087,8.91796406945915,10.822551712011263
1782478723.1912234,11,37,23,6,1.1740583181381226,1980,0,1811,0,2.1218902652525804,9.496500198305636,11.168513333033694
1782478723.6949315,11,40,23,5,1.346203327178955,1955,0,1778,0,2.324501866930761,10.044575886910758,11.537104654391477
1782478724.199123,14,52,23,3,1.741124391555786,1893,0,1666,0,2.4324946958974825,10.39027017917031,11.787910319788045
1782478724.7041385,15,57,23,3,1.8574309349060056,1864,0,1626,0,2.5149044331372155,10.490921435823866,11.838315165184886
1782478725.2087238,17,76,23,2,2.08512544631958,1794,0,1476,0,2.5295385624799973,10.448682640815411,11.794105191487429
1782478725.7136626,19,85,23,2,2.1340203285217285,1751,0,1424,0,2.539992336879713,10.444127396117846,11.785222982518048
1782478726.2180874,24,113,23,2,2.221684455871582,1634,0,1258,0,2.523189970884858,10.426029612764667,11.77699204301599
1782478726.7219405,26,123,23,2,2.234414577484131,1634,0,1258,0,2.691523170723368,10.360982949746145,11.64173071033243
1782478727.226622,26,123,23,2,2.234414577484131,1606,0,1184,0,2.937011431092773,10.226325391233717,11.411029062108144
1782478727.7312183,34,141,23,2,2.3556394577026367,1597,0,1023,0,3.2125054233329817,10.078799622013769,11.158060142440576
1782478728.2360764,40,144,23,2,2.366344451904297,1556,0,1058,0,3.370331173702956,10.002353663995512,11.021837971084091
1782478728.741184,61,145,23,2,2.306455373764038,1714,0,1313,0,3.350763682827248,9.991281137712786,11.020031629071369
1782478729.2449298,70,145,23,2,2.288228273391724,1716,0,1332,0,3.3171448980509504,9.94430835469182,10.991742380489264
1782478729.7491589,89,145,23,2,2.3197641372680664,1746,0,1391,0,3.353124103570877,9.849762440586266,10.890880392915804
1782478730.253587,98,145,23,2,2.289964199066162,1719,0,1425,0,3.4496024651334176,9.649640199861086,10.668724090166311
1782478730.757728,119,151,23,2,1.8470160961151123,1711,0,1359,0,3.5393115823510164,9.48945703171337,10.485587056339865
1782478731.2618442,119,154,23,2,1.6546189785003662,1694,0,1339,0,3.616683941780389,9.312532934156373,10.292556986288345
1782478731.7655437,119,159,23,1,1.344468593597412,1694,0,1339,0,3.661079189518763,9.153954846968317,10.130208445040106
1782478732.269487,125,159,23,1,1.344468593597412,1719,0,1367,0,3.6965459745249687,8.960325547440922,9.940178593239645
1782478732.7729206,128,159,23,1,1.3710861206054688,1702,0,1413,0,3.7042680732539295,8.74307353074305,9.741388378996357
1782478733.27666,150,157,23,1,1.3401284217834473,1639,0,1491,0,3.67238115986145,8.530330284371608,9.565292446443523
1782478733.780476,153,157,23,1,1.2542002201080322,1631,0,1464,0,3.6428490255378128,8.42521226636836,9.485197222389246
1782478734.284848,157,159,23,1,0.97674298286438,1620,0,1438,0,3.653304303375833,8.427958498866769,9.482839655803089
1782478734.7886844,161,159,23,1,0.8925514221191406,1582,0,1451,0,3.707279329425222,8.471325333457823,9.496883892144005
1782478735.2926114,168,157,23,0,0.7030467987060547,1563,0,1431,0,3.687187406537772,8.479541758209773,9.513305466321876
1782478735.796897,169,156,23,0,0.6388180255889893,1530,0,1429,0,3.617723134670124,8.540426386255824,9.599126699000287
1782478736.3006754,174,140,23,0,0.4765093326568603,1530,0,1429,0,3.606306444170361,8.666671543486252,9.716776147736104
1782478736.804773,174,129,23,0,0.4588606357574463,1456,0,1429,0,3.613323117153127,8.771479619828808,9.80723145416561
1782478737.3084998,174,129,23,0,0.4588606357574463,1432,0,1436,0,3.61069894950242,8.789003983221276,9.824080350291249
1782478737.8128333,178,118,23,0,0.4328219890594482,1447,0,1447,0,3.5942293147009887,8.7280622756278,9.777008050455786
1782478738.3169851,178,122,23,0,0.4226961135864258,1489,0,1421,0,3.5675475033472552,8.716369227723158,9.778636287800174
1782478738.821652,178,128,23,0,0.4241425991058349,1440,0,1483,0,3.5567324072708177,8.72624567499851,9.79234346216612
1782478739.325855,178,126,23,0,0.4805598258972168,1430,0,1513,0,3.5835986623405427,8.677390503424023,9.736616800726713
1782478739.8295906,178,139,23,0,0.6006274223327637,1502,0,1523,0,3.622084366624765,8.618634622020478,9.666799265570862
1782478740.3333216,178,143,23,0,0.6185653209686279,1505,0,1532,0,3.6499565238456126,8.561454501386654,9.603196417013825
1782478740.837488,176,142,23,0,0.6252195835113525,1483,0,1545,0,3.668987189415709,8.47130938402626,9.514239572626737
1782478741.3416848,176,139,23,0,0.6237730979919434,1483,0,1545,0,3.701287545342219,8.33671900123142,9.379755459143002
1782478741.846575,175,139,23,0,0.6237730979919434,1477,0,1551,0,3.7299806884007514,8.187618622638217,9.2341845135996
1782478742.3512876,172,137,23,0,0.6570448875427246,1507,0,1555,0,3.7317345211901936,8.141974544030203,9.192923347512224
1782478742.854896,170,138,23,0,0.6388177871704102,1516,0,1538,0,3.757366714461901,8.143754357227225,9.182628829829355
1782478743.3594885,168,136,23,0,0.5760354995727539,1518,0,1528,0,3.741507357324085,8.277723836583194,9.308892066323601
1782478743.8640904,167,135,23,0,0.5413172245025635,1514,0,1532,0,3.698253344984968,8.383648280294699,9.422875504410598
1782478744.3675013,164,128,23,0,0.4539425373077392,1486,0,1531,0,3.704566444880703,8.381275058984302,9.41788304454866
1782478744.8714745,164,122,23,0,0.4111232757568359,1471,0,1525,0,3.7474727990370975,8.290117264150762,9.31719012622904
1782478745.3752298,163,84,23,0,0.2580733299255371,1441,0,1507,0,3.840416637746039,8.092299114543751,9.098760284059887
1782478745.8790946,162,80,23,0,0.2548909187316894,1450,0,1511,0,3.8454434331483767,8.078621190654165,9.084297474722879
1782478746.3841124,162,80,23,0,0.2548909187316894,1450,0,1511,0,3.8454434331483767,8.078621190654165,9.084297474722879
1782478746.8898568,159,88,23,0,0.2346384525299072,1505,0,1504,0,3.8454434331483767,8.078621190654165,9.084297474722879
1782478747.3945675,159,108,23,0,0.3104400634765625,1514,0,1544,0,3.8454434331483767,8.078621190654165,9.084297474722879
1782478747.899979,155,118,23,0,0.3714864253997803,1508,0,1539,0,3.8454434331483767,8.078621190654165,9.084297474722879
1782478748.404817,155,116,23,0,0.3665680885314941,1498,0,1541,0,3.8454434331483767,8.078621190654165,9.084297474722879
1782478748.9096787,153,57,23,0,0.1122565269470214,1452,0,1498,0,3.8454434331483767,8.078621190654165,9.084297474722879
1782478749.4141035,153,152,23,9,-0.2269676923751831,1475,0,1547,0,3.8454434331483767,8.078621190654165,9.084297474722879
1782478749.9188747,154,152,23,9,-0.2268951088190078,1555,0,1607,0,3.8454434331483767,8.078621190654165,9.084297474722879
1782478750.4239938,152,152,23,9,-0.2208020091056823,1555,0,1607,0,3.8454434331483767,8.078621190654165,9.084297474722879
1782478750.929341,152,152,23,9,-0.2208020091056823,1615,0,1634,0,5.823224455073151,4.1812262165510665,4.713916041569421
1782478751.4334931,152,152,23,9,-0.2329882234334945,1747,0,1805,0,6.1853489363859735,3.415912997922791,3.8679994948362375
1782478751.9389024,152,152,23,8,-0.2288536876440048,1790,0,1828,0,6.589295407057687,2.600123005410512,2.95816278994472
1782478752.4437318,152,152,23,8,-0.1878705620765686,1922,0,1932,0,7.0051106022358285,1.7359331213781892,2.000817012043175
1782478752.9487622,152,152,23,8,-0.1868551671504974,1950,0,1969,0,7.43552726445787,0.9021016588849798,1.0641507750941348
1782478753.452851,154,152,23,6,-0.1397064328193664,1945,0,2000,0,7.858611737099058,0.0732847452296582,0.15925229910278155
1782478753.9562483,153,152,23,6,-0.1248364448547363,1940,0,1989,0,8.229351032465356,-0.6514606996917216,0.690653993933107
1782478754.4614456,153,152,23,4,-0.1443489789962768,1899,0,1939,0,8.537099808563374,-1.253739737840374,1.3639426434417479
1782478754.9652205,154,151,23,4,-0.1585662364959716,1876,0,1965,0,8.606205877637949,-1.4868410639212088,1.605671795680907
1782478755.4696336,154,150,23,2,-0.1442766189575195,1876,0,1965,0,8.517726591054926,-1.4473514480472178,1.537162007483184
1782478755.9739554,153,150,23,2,-0.1442766189575195,1772,0,1824,0,8.44983833913684,-1.3603226797998589,1.4327708555576006
1782478756.4790125,153,149,23,2,-0.1627731323242187,1744,0,1810,0,8.440202922858369,-1.3358202838670536,1.4064830052594686
1782478756.9833314,153,133,23,0,-0.1369497776031494,1555,0,1630,0,8.558545713548591,-1.5026226785661594,1.6030746171856272
1782478757.4872928,153,32,23,0,-0.1201934814453125,1520,0,1576,0,8.721562071411393,-1.7172614940525484,1.862696663940506
1782478757.9938698,151,337,23,1,-0.0856661796569824,1344,0,1430,0,8.822882417883017,-1.8578408936913329,2.031922306569031
1782478758.4980896,151,337,23,1,-0.0979247093200683,1313,0,1429,0,8.84503927493635,-1.9225385986340784,2.1000585799979095
1782478759.0027344,150,341,23,1,-0.1943988800048828,1443,0,1557,0,8.770678542002187,-1.8738338112885116,2.0261289612042583
1782478759.506554,147,341,23,1,-0.2034657001495361,1449,0,1551,0,8.652412642643684,-1.727995549754009,1.8470546489616853
