time,heading,target_bearing,nav_bearing,wp_dist,xtrack_error,servo1,servo2,servo3,servo4,x,y,distance
1782479550.4537482,316,,,,,,,,,17.784584608844582,10.325536338690869,20.56473073956421
1782479550.9579806,317,239.0,239.0,20.0,-10.352652549743652,1452.0,0.0,1479.0,0.0,17.784584608844582,10.325536338690869,20.56473073956421
1782479551.4625323,317,239.0,239.0,20.0,-10.352652549743652,1452.0,0.0,1479.0,0.0,17.784584608844582,10.325536338690869,20.56473073956421
1782479551.9662845,315,239.0,239.0,20.0,-10.352652549743652,1452.0,0.0,1479.0,0.0,17.784584608844582,10.325536338690869,20.56473073956421
1782479552.4707084,312,239.0,239.0,20.0,-10.397180557250977,1278.0,0.0,1722.0,0.0,17.784584608844582,10.325536338690869,20.56473073956421
1782479552.9746025,304,239.0,239.0,20.0,-10.397180557250977,1278.0,0.0,1722.0,0.0,17.784584608844582,10.325536338690869,20.56473073956421
1782479553.478309,298,239.0,239.0,20.0,-10.352652549743652,1280.0,0.0,1720.0,0.0,17.784584608844582,10.325536338690869,20.56473073956421
1782479553.9837277,288,239.0,239.0,20.0,-10.352652549743652,1280.0,0.0,1720.0,0.0,17.784584608844582,10.325536338690869,20.56473073956421
1782479554.4897833,281,240.0,240.0,20.0,-10.25246524810791,1263.0,0.0,1737.0,0.0,17.784584608844582,10.325536338690869,20.56473073956421
1782479554.9952655,269,240.0,240.0,20.0,-10.25246524810791,1263.0,0.0,1737.0,0.0,17.784584608844582,10.325536338690869,20.56473073956421
1782479555.499648,269,240.0,240.0,20.0,-10.230201721191406,1265.0,0.0,1735.0,0.0,17.59756456232186,9.988813464592887,20.234887520209206
1782479556.0052898,257,240.0,240.0,20.0,-10.230201721191406,1265.0,0.0,1735.0,0.0,17.20708807803907,9.636490976888064,19.72170982630663
1782479556.5096283,248,240.0,240.0,20.0,-10.241333961486816,1378.0,0.0,1622.0,0.0,16.58585590581642,9.136180932651651,18.935691647327094
1782479557.013899,242,240.0,240.0,20.0,-10.241333961486816,1378.0,0.0,1622.0,0.0,15.88633540731658,8.657681374831524,18.092293924814097
1782479557.5180578,240,240.0,240.0,20.0,-10.241333961486816,1339.0,0.0,1732.0,0.0,15.047128788756304,7.945189749552645,17.015937380638633
1782479558.022828,233,240.0,240.0,20.0,-10.241333961486816,1339.0,0.0,1732.0,0.0,14.019675405847469,7.323696244857851,15.81732673912597
1782479558.5277672,230,240.0,240.0,20.0,-10.241333961486816,1615.0,0.0,1697.0,0.0,13.239553026112375,6.647849137260037,14.814846016176151
1782479559.0317495,226,240.0,240.0,20.0,-10.241333961486816,1615.0,0.0,1697.0,0.0,12.37621203759266,5.918078651225658,13.718392009326251
1782479559.5365698,227,240.0,240.0,19.0,-9.784926414489746,1940.0,0.0,1711.0,0.0,11.636617727665824,5.314016511446108,12.792562042989996
1782479560.0414743,228,240.0,240.0,19.0,-9.784926414489746,1940.0,0.0,1711.0,0.0,10.875050654145172,4.685052306488894,11.841302371139765
1782479560.5454774,230,240.0,240.0,19.0,-9.784926414489746,1940.0,0.0,1711.0,0.0,10.0790171910223,4.011696150976772,10.848054827695375
1782479561.0503442,231,241.0,240.0,18.0,-8.694002151489258,2000.0,0.0,1919.0,0.0,9.221446693558818,3.352108515555628,9.811814848549039
1782479561.5549457,229,241.0,240.0,18.0,-8.694002151489258,2000.0,0.0,1919.0,0.0,8.376672225062954,2.6864339945299784,8.796906568397066
1782479562.059472,228,242.0,240.0,15.0,-7.146669864654541,2000.0,0.0,1861.0,0.0,7.503086188026842,2.022403567903305,7.770869869997
1782479562.5638387,230,242.0,240.0,15.0,-7.146669864654541,2000.0,0.0,1861.0,0.0,6.672837562847927,1.3982426188621253,6.81775942383982
1782479563.0683997,230,245.0,240.0,13.0,-5.543678283691406,2000.0,0.0,1875.0,0.0,5.918436800551073,0.8596695021294833,5.980545611815763
1782479563.5728996,231,245.0,240.0,13.0,-5.543678283691406,2000.0,0.0,1875.0,0.0,5.322229108048574,0.4489995528820081,5.341135017676277
1782479564.0777478,231,245.0,240.0,13.0,-5.543678283691406,2000.0,0.0,1875.0,0.0,4.777960458025257,0.1192201852344737,4.77944762404823
1782479564.5826142,231,248.0,240.0,10.0,-4.063138008117676,2000.0,0.0,1876.0,0.0,4.41117280559248,-0.0745499844543901,4.411802717821909
1782479565.08695,232,248.0,240.0,10.0,-4.063138008117676,2000.0,0.0,1876.0,0.0,4.089613762688304,-0.2102332808640536,4.0950138901293665
1782479565.5909505,232,253.0,240.0,8.0,-2.415618896484375,1865.0,0.0,1672.0,0.0,3.739463172473496,-0.3228387486382846,3.7533731064081386
1782479566.0952976,233,256.0,240.0,7.0,-1.6920464038848877,1800.0,0.0,1566.0,0.0,3.3626953170498237,-0.4053651922263891,3.3870401140785966
1782479566.6001778,234,256.0,240.0,7.0,-1.6920464038848877,1800.0,0.0,1566.0,0.0,2.99614354918379,-0.4741138130302426,3.0334238205403663
1782479567.105311,236,256.0,240.0,7.0,-1.6920464038848877,1800.0,0.0,1566.0,0.0,2.780549216072444,-0.5007718287097895,2.8252834136472806
1782479567.60977,237,267.0,240.0,5.0,-0.2671652436256408,1700.0,0.0,1344.0,0.0,2.6974677668177844,-0.4965219807301069,2.7427844301674664
1782479568.1142955,243,271.0,240.0,4.0,0.1224507316946983,1696.0,0.0,1330.0,0.0,2.666248460458615,-0.4649184977050563,2.7064792743352504
1782479568.6190753,245,272.0,240.0,4.0,0.1892420351505279,1696.0,0.0,1330.0,0.0,2.5755534957791517,-0.423586575465664,2.6101535197254084
1782479569.1234665,245,272.0,240.0,4.0,0.1892420351505279,1671.0,0.0,1340.0,0.0,2.4135231869607905,-0.3861079471845462,2.444212249555352
1782479569.6277523,258,275.0,240.0,3.0,0.3673521876335144,1632.0,0.0,1329.0,0.0,2.28028583181648,-0.3511022719041411,2.3071576192621137
1782479570.133217,259,276.0,240.0,3.0,0.4007478356361389,1618.0,0.0,1313.0,0.0,2.1441774939291265,-0.2886763575694646,2.1635228598033724
1782479570.6377325,264,279.0,240.0,2.0,0.4898029267787933,1605.0,0.0,1324.0,0.0,1.953641338719284,-0.2054172413901487,1.9644110372865489
1782479571.142626,266,279.0,240.0,2.0,0.4898029267787933,1616.0,0.0,1345.0,0.0,1.812722725605972,-0.1500297852849278,1.8189207284543725
1782479571.6461437,280,279.0,240.0,2.0,0.4564072787761688,1549.0,0.0,1486.0,0.0,1.7718169946518192,-0.1221193725521236,1.7760204401102846
1782479572.1513906,285,279.0,240.0,2.0,0.4230116009712219,1550.0,0.0,1482.0,0.0,1.8385232968565768,-0.102559437097238,1.8413816419259965
1782479572.6562304,289,278.0,240.0,2.0,0.3673521876335144,1567.0,0.0,1463.0,0.0,1.8100109038432044,-0.0762200553240378,1.8116150167364182
1782479573.1615036,290,278.0,240.0,2.0,0.3450884222984314,1560.0,0.0,1474.0,0.0,1.644850117082972,-0.0213969517277266,1.6449892817921656
1782479573.6652386,290,276.0,240.0,2.0,0.256033331155777,1560.0,0.0,1474.0,0.0,1.3008085572850625,0.1252308641440265,1.3068227393339562
1782479574.1701298,292,276.0,240.0,2.0,0.256033331155777,1509.0,0.0,1489.0,0.0,1.0135697440552769,0.2218020523444625,1.037554710118216
1782479574.6742857,293,275.0,240.0,2.0,0.2003739178180694,1513.0,0.0,1473.0,0.0,0.8621065374061457,0.2799400592040055,0.9064182911799366
1782479575.1786191,292,274.0,240.0,1.0,0.1335826218128204,1527.0,0.0,1500.0,0.0,0.7733945805530738,0.3189393963108157,0.8365772622704806
1782479575.6824555,293,274.0,240.0,1.0,0.1335826218128204,1518.0,0.0,1544.0,0.0,0.7724011401801552,0.3588541890577476,0.8516923448968514
1782479576.1869538,292,272.0,240.0,1.0,0.0890550762414932,1548.0,0.0,1541.0,0.0,0.9100257403715016,0.3427284884046471,0.9724246319910012
1782479576.6909142,292,272.0,240.0,1.0,0.0667913109064102,1530.0,0.0,1533.0,0.0,1.09162371341747,0.2992257290520099,1.1318915003753909
1782479577.1949706,292,264.0,240.0,1.0,-0.1335826218128204,1449.0,0.0,1477.0,0.0,1.115797305201362,0.3118750350173391,1.15856362093831
1782479577.698362,291,260.0,240.0,1.0,-0.1892420351505279,1449.0,0.0,1460.0,0.0,0.8626127270832121,0.3471171109427997,0.9298338591572217
1782479578.20253,291,252.0,240.0,0.0,-0.2782971262931824,1449.0,0.0,1460.0,0.0,0.6985908106965487,0.3689303263594131,0.7900244974032921
1782479578.7061634,289,252.0,240.0,0.0,-0.2782971262931824,1427.0,0.0,1475.0,0.0,0.6197995025831204,0.3907107279751277,0.7326706602267745
1782479579.2102215,289,249.0,240.0,0.0,-0.3005608916282654,1409.0,0.0,1494.0,0.0,0.6749178212122211,0.4788617688164141,0.8275401253255558
1782479579.7140214,286,251.0,240.0,0.0,-0.3228246569633484,1462.0,0.0,1551.0,0.0,0.7510743768405327,0.531101955014035,0.9198815174608763
1782479580.218238,286,254.0,240.0,1.0,-0.3005608916282654,1490.0,0.0,1568.0,0.0,0.8461841984691771,0.5494864902469648,1.0089415744743853
1782479580.722482,282,255.0,240.0,1.0,-0.3005608916282654,1472.0,0.0,1574.0,0.0,0.9271577594335222,0.5034347150433103,1.0550203899397055
1782479581.226978,281,252.0,240.0,1.0,-0.3228246569633484,1469.0,0.0,1525.0,0.0,0.8435442736213763,0.4986766745532328,0.9799211025908597
1782479581.732821,279,244.0,240.0,0.0,-0.3450884222984314,1459.0,0.0,1521.0,0.0,0.6678523405726285,0.552135326940257,0.8665334200501229
1782479582.2376852,277,242.0,240.0,0.0,-0.3562203049659729,1456.0,0.0,1529.0,0.0,0.3922903265202452,0.5547017242603083,0.6794009885029015
1782479582.7420342,277,236.0,240.0,0.0,-0.512066662311554,1456.0,0.0,1529.0,0.0,0.1777300228961995,0.5063818374283474,0.5366661218262179
1782479583.2470198,272,236.0,240.0,0.0,-0.512066662311554,1441.0,0.0,1625.0,0.0,0.0115083965653917,0.4092348446676973,0.4093966307649596
1782479583.7522547,270,238.0,240.0,0.0,-0.5009347796440125,1491.0,0.0,1591.0,0.0,-0.0536480817480564,0.4169501115601909,0.42038733592402827
1782479584.257349,261,243.0,240.0,1.0,-0.4898029267787933,1582.0,0.0,1578.0,0.0,0.0489676086900063,0.4420806374775514,0.44478434857060317
1782479584.7622497,259,243.0,240.0,1.0,-0.4786710441112518,1555.0,0.0,1587.0,0.0,0.1519501280744829,0.4766140489639582,0.5002497307262345
1782479585.2658875,256,232.0,240.0,0.0,-0.5454623699188232,1441.0,0.0,1639.0,0.0,0.2014492167077921,0.5982184427935765,0.6312266567648697
1782479585.7698495,255,224.0,240.0,0.0,-0.5565942525863647,1424.0,0.0,1610.0,0.0,0.0343484917953038,0.7087042441838209,0.709536133408844
1782479586.274602,251,198.0,240.0,0.0,-0.4786710441112518,1430.0,0.0,1537.0,0.0,-0.1264536150003371,0.743028359580082,0.7537119210195107
1782479586.7782106,250,188.0,240.0,0.0,-0.4007478356361389,1437.0,0.0,1503.0,0.0,-0.2415059332126644,0.6699625061855371,0.7121621131956725
1782479587.2837276,243,181.0,240.0,0.0,-0.4007478356361389,1488.0,0.0,1508.0,0.0,-0.3260422888664309,0.5455494287333682,0.6355531081826015
1782479587.7876062,243,190.0,240.0,0.0,-0.4118797183036804,1488.0,0.0,1508.0,0.0,-0.391379351647585,0.4273453077076052,0.5794840885786182
1782479588.2922227,241,190.0,240.0,0.0,-0.4118797183036804,1499.0,0.0,1526.0,0.0,-0.4009279479027228,0.3494715887028572,0.5318586379104765
1782479588.7958963,235,204.0,240.0,0.0,-0.512066662311554,1482.0,0.0,1616.0,0.0,-0.4104835975508623,0.334187397725235,0.5293184303013287
1782479589.300059,235,202.0,240.0,0.0,-0.5899899005889893,1444.0,0.0,1652.0,0.0,-0.4115457314325516,0.3915966811996672,0.5680826082419242
1782479589.8049505,228,175.0,240.0,0.0,-0.7458362579345703,1401.0,0.0,1650.0,0.0,-0.3924054480142911,0.4470583588302755,0.5948472172174263
1782479590.3093767,227,170.0,240.0,0.0,-0.7235724925994873,1419.0,0.0,1615.0,0.0,-0.396808553197003,0.5134698855285915,0.6489286179812411
1782479590.813676,221,151.0,240.0,0.0,-0.5343304872512817,1421.0,0.0,1554.0,0.0,-0.4300421369063225,0.615284292723181,0.7506736976788392
1782479591.318307,218,144.0,240.0,0.0,-0.4564072787761688,1437.0,0.0,1521.0,0.0,-0.4559763262367469,0.6309134932042532,0.7784383379533368
1782479591.8229728,210,131.0,240.0,0.0,-0.3228246569633484,1439.0,0.0,1519.0,0.0,-0.4316513561244706,0.5463761202204378,0.6963115380282254
1782479592.3264656,207,130.0,240.0,0.0,-0.3228246569633484,1439.0,0.0,1519.0,0.0,-0.4401344032430898,0.3470926575513047,0.5605279706171478
1782479592.8299494,207,130.0,240.0,0.0,-0.3228246569633484,1444.0,0.0,1526.0,0.0,-0.4324255641157386,0.2536355392305374,0.5013211099301328
1782479593.3347635,200,138.0,240.0,0.0,-0.4118797183036804,1459.0,0.0,1562.0,0.0,-0.4002843841659756,0.2294717910990305,0.46139450702986423
1782479593.8392696,199,141.0,240.0,0.0,-0.4452753663063049,1464.0,0.0,1566.0,0.0,-0.3780689175089987,0.1921559941898481,0.42409908333963064
1782479594.3431327,195,146.0,240.0,0.0,-0.6011217832565308,1460.0,0.0,1628.0,0.0,-0.4153658153456346,0.1487424192502817,0.4411950451242289
1782479594.8483214,192,147.0,240.0,0.0,-0.6233855485916138,1483.0,0.0,1604.0,0.0,-0.4832559672673827,0.1628401230389812,0.5099541504595135
1782479595.3527403,184,140.0,240.0,0.0,-0.4898029267787933,1463.0,0.0,1570.0,0.0,-0.5453034072861268,0.2924749477395272,0.6187870401463647
1782479595.858003,182,132.0,240.0,0.0,-0.3784840703010559,1460.0,0.0,1543.0,0.0,-0.5503431861039709,0.3119109823728177,0.6325868188761493
1782479596.3626888,179,121.0,240.0,0.0,-0.2449014633893966,1477.0,0.0,1542.0,0.0,-0.4997974951580938,0.1289784311482668,0.5161714558824161
1782479596.866751,177,121.0,240.0,0.0,-0.2337695807218551,1480.0,0.0,1535.0,0.0,-0.4042861090801405,-0.1597269770038394,0.4346952555272996
1782479597.372567,177,121.0,240.0,0.0,-0.2337695807218551,1480.0,0.0,1535.0,0.0,-0.3882255955104181,-0.2358366975612938,0.45424449465682676
1782479597.8771896,173,111.0,240.0,0.0,-0.1558463871479034,1437.0,0.0,1573.0,0.0,-0.4701232728250044,-0.084869016582839,0.4777223478417476
1782479598.3818438,172,108.0,240.0,0.0,-0.1447145044803619,1431.0,0.0,1588.0,0.0,-0.5160041305947515,0.0217309075505132,0.5164615137005025
1782479598.8876083,168,113.0,240.0,0.0,-0.2226376831531524,1478.0,0.0,1614.0,0.0,-0.5048819644596078,-0.0083319825300276,0.5049507104356556
1782479599.3934104,166,120.0,240.0,0.0,-0.3116927742958069,1510.0,0.0,1602.0,0.0,-0.4436931199777512,-0.1121506028479299,0.4576476181897434
1782479599.897942,160,103.0,240.0,0.0,-0.1224507316946983,1458.0,0.0,1536.0,0.0,-0.4297733899372987,-0.1514058901222839,0.455663154382619
1782479600.4029565,160,84.0,240.0,0.0,0.0445275381207466,1399.0,0.0,1545.0,0.0,-0.5098617109212311,-0.0412901701957884,0.5115308811971397
1782479600.9070718,157,63.0,240.0,0.0,0.2003739178180694,1487.0,0.0,1562.0,0.0,-0.4775382136103645,-0.0711507853488386,0.48280967234919253
1782479601.411055,157,79.0,240.0,0.0,0.0890550762414932,1504.0,0.0,1597.0,0.0,-0.3634443818789586,-0.2414530897104242,0.43633864514856857
1782479601.9146256,157,92.0,240.0,0.0,-0.0222637690603733,1504.0,0.0,1597.0,0.0,-0.1797114219823228,-0.4884609497500445,0.5204712236249224
1782479602.4183552,153,92.0,240.0,0.0,-0.0222637690603733,1528.0,0.0,1561.0,0.0,-0.1499898062419551,-0.540004779114231,0.5604481273433863
1782479602.9219997,151,90.0,240.0,0.0,0.0,1511.0,0.0,1565.0,0.0,-0.2325432783844662,-0.4859047724478578,0.538683417425671
1782479603.426469,151,68.0,240.0,0.0,0.1669782698154449,1492.0,0.0,1549.0,0.0,-0.2882217806923014,-0.4247933593822866,0.513343153300723
1782479603.9303863,150,73.0,240.0,0.0,0.1335826218128204,1519.0,0.0,1571.0,0.0,-0.3651039287898168,-0.3364262139153623,0.49647102254530906
1782479604.4338903,146,83.0,240.0,0.0,0.0556594207882881,1519.0,0.0,1547.0,0.0,-0.3547982979720623,-0.3469875112281392,0.49626823915315227
1782479604.9382176,145,70.0,240.0,0.0,0.1558463871479034,1496.0,0.0,1532.0,0.0,-0.3357326459669031,-0.3409808630374765,0.47852310135010223
1782479605.4438324,144,17.0,240.0,0.0,0.5231985449790955,1438.0,0.0,1471.0,0.0,-0.3102215161664635,-0.3397556915501903,0.4600775141575248
1782479605.94837,143,13.0,240.0,0.0,0.5565942525863647,1450.0,0.0,1485.0,0.0,-0.2931662050380541,-0.3469924488465488,0.45425783794331953
1782479606.4535077,143,13.0,240.0,0.0,0.5565942525863647,1450.0,0.0,1485.0,0.0,-0.3169678212900197,-0.3032235046334562,0.4386491690355033
1782479606.9582694,142,27.0,240.0,0.0,0.4786710441112518,1484.0,0.0,1504.0,0.0,-0.3284039459721999,-0.3139529415128193,0.4543298374690609
1782479607.4630375,141,32.0,240.0,0.0,0.4452753663063049,1497.0,0.0,1510.0,0.0,-0.3647568952390958,-0.381285249019927,0.5276609079178146
1782479607.9670894,140,45.0,240.0,0.0,0.3562203049659729,1497.0,0.0,1514.0,0.0,-0.4122149103121242,-0.4064138377393282,0.5788724728207774
1782479608.4719298,139,43.0,240.0,0.0,0.3673521876335144,1498.0,0.0,1504.0,0.0,-0.3464057560070265,-0.4663420976359473,0.5809233166454029
1782479608.975623,138,41.0,240.0,0.0,0.3562203049659729,1497.0,0.0,1506.0,0.0,-0.2596459123806785,-0.5153924904888466,0.5771008742570841
1782479609.4802134,137,39.0,240.0,0.0,0.3673521876335144,1502.0,0.0,1500.0,0.0,-0.1853615942143397,-0.5735942083441263,0.6028011583064572
1782479609.9842508,136,43.0,240.0,0.0,0.3339565396308899,1517.0,0.0,1517.0,0.0,-0.2190111383299582,-0.5484787886898208,0.5905885711349629
1782479610.4885263,136,45.0,240.0,0.0,0.3228246569633484,1515.0,0.0,1513.0,0.0,-0.3455729150931905,-0.4686375254758531,0.582272934224266
1782479610.9921255,136,43.0,240.0,0.0,0.4118797183036804,1515.0,0.0,1513.0,0.0,-0.4599400718593244,-0.3797844329271913,0.5964738763732983
1782479611.4970431,136,43.0,240.0,0.0,0.4118797183036804,1505.0,0.0,1524.0,0.0,-0.5473276605474852,-0.2889263744977266,0.6189071157134839
1782479612.0007842,137,44.0,240.0,0.0,0.4230116009712219,1496.0,0.0,1528.0,0.0,-0.534416499859778,-0.2993730349037584,0.6125562907601741
1782479612.505937,138,30.0,240.0,0.0,0.512066662311554,1481.0,0.0,1483.0,0.0,-0.4121915097525455,-0.4209521779875112,0.5891541197891365
1782479613.0094275,137,24.0,240.0,0.0,0.5454623699188232,1474.0,0.0,1472.0,0.0,-0.2607291956298753,-0.5652836177378591,0.6225152865083746
1782479613.5156226,136,20.0,240.0,0.0,0.5677261352539062,1488.0,0.0,1490.0,0.0,-0.2201879847449679,-0.6069487491440342,0.6456543446098368
1782479614.02094,136,27.0,240.0,0.0,0.5343304872512817,1503.0,0.0,1505.0,0.0,-0.3155171143491486,-0.5521673207434735,0.6359558157169724
1782479614.526448,136,51.0,240.0,0.0,0.3896159529685974,1532.0,0.0,1542.0,0.0,-0.3902628537140938,-0.4930938281214433,0.6288454645781646
1782479615.0325365,136,57.0,240.0,0.0,0.3339565396308899,1542.0,0.0,1548.0,0.0,-0.4124422368018309,-0.4578301708297703,0.6162118661792502
1782479615.5370638,136,52.0,240.0,0.0,0.3784840703010559,1542.0,0.0,1548.0,0.0,-0.4135457948387756,-0.4101129618986565,0.5824197506490689
1782479616.0412772,136,52.0,240.0,0.0,0.3784840703010559,1503.0,0.0,1507.0,0.0,-0.4716375048561191,-0.3591320163218247,0.5928049773190885
1782479616.5453236,136,40.0,240.0,0.0,0.4675391614437103,1487.0,0.0,1487.0,0.0,-0.5101904224786492,-0.324846681805048,0.6048302521110305
1782479617.0493002,135,20.0,240.0,0.0,0.6345174312591553,1480.0,0.0,1475.0,0.0,-0.4560753155631061,-0.3783741370670519,0.592597402177248
1782479617.5538514,135,23.0,240.0,0.0,0.6122536659240723,1502.0,0.0,1490.0,0.0,-0.3427970327464018,-0.4844549758040873,0.5934698216767863
