time,heading,target_bearing,nav_bearing,wp_dist,xtrack_error,servo1,servo2,servo3,servo4,x,y,distance
1782476780.9487965,115,115,115,0,0.0,1501,0,1499,0,-7.1461811080613336,5.769133714186072,9.184269608486627
1782476781.4536364,115,115,115,0,0.0,1501,0,1499,0,-7.013646498903222,5.708031071116407,9.042834506967809
1782476781.9594986,115,115,115,0,0.0,1503,0,1497,0,-7.083133956210402,5.739385617557268,9.11654177353694
1782476782.4638517,115,115,115,0,0.0,1504,0,1496,0,-7.23968041536462,5.825917891971521,9.292700995975709
1782476782.9678032,115,115,115,0,0.0,1502,0,1498,0,-7.374869655911449,5.8799686240692495,9.432005802676453
1782476783.4722376,115,115,115,0,0.0,1499,0,1501,0,-7.476189678168875,5.930005810924641,9.542451520524422
1782476783.9766362,116,115,115,0,0.0,1499,0,1501,0,-7.476189678168875,5.930005810924641,9.542451520524422
1782476784.4806783,116,115,115,0,0.0,1492,0,1508,0,-7.476189678168875,5.930005810924641,9.542451520524422
1782476784.9860475,116,115,115,0,0.0,1485,0,1515,0,-7.476189678168875,5.930005810924641,9.542451520524422
1782476785.4909878,115,115,115,0,0.0,1497,0,1503,0,-7.476189678168875,5.930005810924641,9.542451520524422
1782476785.9962845,116,115,115,0,0.0,1485,0,1515,0,-7.476189678168875,5.930005810924641,9.542451520524422
1782476786.499912,116,128,0,9,-0.0087289121001958,1549,0,1476,0,-7.476189678168875,5.930005810924641,9.542451520524422
1782476787.0043786,115,128,0,9,0.0014330931007862,1615,0,1487,0,-7.476189678168875,5.930005810924641,9.542451520524422
1782476787.5089128,117,128,0,9,0.0115951038897037,1666,0,1528,0,-7.476189678168875,5.930005810924641,9.542451520524422
1782476788.013368,117,128,0,9,0.0314414203166961,1739,0,1546,0,-7.476189678168875,5.930005810924641,9.542451520524422
1782476788.51782,118,129,0,8,0.1205109804868698,1825,0,1632,0,-3.0243137410632555,2.993989461686474,4.255637026471323
1782476789.023408,120,129,0,8,0.1524300277233123,1825,0,1632,0,-2.1758451279979334,2.2908510705894805,3.1594779076064627
1782476789.5297396,120,129,0,8,0.1524300277233123,1871,0,1702,0,-1.4529721849548605,1.7061416588230516,2.240992532389159
1782476790.0339742,121,129,0,8,0.2218269407749176,1985,0,1833,0,-0.762347694560578,1.1274690914351346,1.36101453318596
1782476790.53796,122,130,0,8,0.2653411626815796,2000,0,1862,0,-0.1666399603893769,0.6128930113580572,0.6351430703157523
1782476791.0427794,126,131,0,6,0.3835504055023193,1985,0,1868,0,0.3677821070350182,0.1375191481015894,0.39265149222905604
1782476791.547757,126,132,0,5,0.3988368511199951,1984,0,1867,0,0.7279284732721925,-0.1810685273529897,0.7501104410672906
1782476792.0518994,129,134,0,4,0.442307710647583,1907,0,1809,0,0.982777999071321,-0.4367136004813026,1.0754400793647094
1782476792.556915,129,135,0,3,0.4291930198669433,1851,0,1769,0,1.1943909869276257,-0.6550926197423473,1.3622467361292665
1782476793.0625668,130,140,0,1,0.4013993740081787,1764,0,1668,0,1.3009559661619312,-0.7660084574227297,1.50972029950434
1782476793.5670922,130,143,0,1,0.3866772651672363,1713,0,1624,0,1.3577047675257492,-0.8230738579880752,1.587706777546006
1782476794.0722942,130,143,0,1,0.3866772651672363,1713,0,1624,0,1.3739420854440614,-0.8185273865803212,1.5992823192721124
1782476794.5756269,132,195,0,0,0.3304390907287597,1581,0,1482,0,1.3848921666638645,-0.7865948000271074,1.5926888248231725
1782476795.0798075,133,263,0,0,0.3106365203857422,1526,0,1435,0,1.3384263337249511,-0.7165340494020027,1.518158784436215
1782476795.5843637,134,294,0,1,0.2575249671936035,1451,0,1355,0,1.1855914688335114,-0.5024710541243046,1.2876739848282999
1782476796.088741,135,297,0,1,0.2269091606140136,1414,0,1322,0,1.081436726978566,-0.3050412388025383,1.1236349726794288
1782476796.5932858,137,301,0,1,0.1821789741516113,1427,0,1289,0,1.03843132748444,-0.2046455016765808,1.0584041776455513
1782476797.0968986,138,301,0,1,0.1790089607238769,1417,0,1296,0,1.0648393885217753,-0.2899776512186862,1.1036167638966592
1782476797.6015942,144,301,0,1,0.188692569732666,1559,0,1441,0,1.1164600499184445,-0.442500468945693,1.200953666084189
1782476798.1060705,146,301,0,1,0.1974215507507324,1577,0,1423,0,1.142861321728036,-0.5754591890543602,1.2795644880071715
1782476798.6097896,146,298,0,1,0.2520103454589844,1577,0,1423,0,1.0712519156189155,-0.4713870965368373,1.1703787683902274
1782476799.114382,149,298,0,1,0.2520103454589844,1566,0,1434,0,0.9879166145370142,-0.2273189848611004,1.013732291167918
1782476799.6192956,150,295,0,1,0.2973918914794922,1561,0,1439,0,0.9489951811013084,-0.0203170200464914,0.9492126395371454
1782476800.1241944,157,285,0,1,0.4359250068664551,1578,0,1422,0,0.9371963519920428,0.1220920112110315,0.9451155809681414
1782476800.6277816,158,283,0,1,0.4529047012329101,1578,0,1422,0,0.9348719300275024,0.0862045272183728,0.9388379764721336
1782476801.1326084,162,292,0,1,0.3238821029663086,1593,0,1407,0,0.9252690209951384,0.039455189902694,0.9261098602344969
1782476801.6366973,162,296,0,1,0.2678608894348144,1592,0,1408,0,0.8813356181251903,0.0298557155638116,0.8818411623007505
1782476802.1418922,165,295,0,1,0.2654719352722168,1566,0,1434,0,0.8552406175016204,0.0257814049739974,0.8556291221475495
1782476802.646142,166,288,0,1,0.3554534912109375,1567,0,1433,0,0.8866054235455334,0.0923569255535987,0.891402815094314
1782476803.1517897,166,288,0,1,0.3554534912109375,1567,0,1433,0,0.9280285740661248,0.2231389786959315,0.9544778876939309
1782476803.655644,176,268,0,0,0.615410327911377,1582,0,1418,0,0.9753306724399542,0.3534972860114158,1.037415178132463
1782476804.1600394,176,264,0,0,0.6590547561645508,1598,0,1418,0,0.9881548793209608,0.397609443153198,1.065149442477636
1782476804.663985,181,269,0,0,0.5887460708618164,1565,0,1415,0,0.8803125351934934,0.3389129991035572,0.9432985638599072
1782476805.1684294,182,269,0,0,0.5795392990112305,1560,0,1426,0,0.7675849242754793,0.1787118587202467,0.788114550317553
1782476805.6723404,188,270,0,0,0.5385866165161133,1533,0,1455,0,0.6390793399484598,0.0469408370693378,0.6408009401785622
1782476806.1762135,193,270,0,0,0.5385866165161133,1556,0,1453,0,0.5614893920278893,-0.08071751983989,0.5672615405339514
1782476806.6807206,197,258,0,0,0.7417402267456055,1624,0,1482,0,0.5409042150788337,-0.1875268314708913,0.5724890238350088
1782476807.1856394,200,254,0,1,0.8166522979736328,1625,0,1506,0,0.5364491927801424,-0.2782637575833639,0.604324792821608
1782476807.690025,209,249,0,1,0.8864836692810059,1625,0,1506,0,0.5039767089157043,-0.3332214778255604,0.6041763620117515
1782476808.194586,209,249,0,1,0.8864836692810059,1597,0,1533,0,0.3920247610710453,-0.2216131391795385,0.4503285431213745
1782476808.6995175,210,250,0,0,0.8009324073791504,1560,0,1535,0,0.251905219266744,-0.0896921377089268,0.2673965576828233
1782476809.2037203,213,264,0,0,0.4620680809020996,1542,0,1482,0,0.1296071886700578,0.001358401292644,0.12961430711548713
1782476809.707365,212,270,0,0,0.3825521469116211,1582,0,1427,0,0.1296071886700578,0.001358401292644,0.12961430711548713
1782476810.2114947,218,290,0,0,0.1835236549377441,1548,0,1431,0,0.1296071886700578,0.001358401292644,0.12961430711548713
1782476810.7161183,220,294,0,0,0.1394019126892089,1564,0,1411,0,0.1296071886700578,0.001358401292644,0.12961430711548713
1782476811.2202666,222,302,0,0,0.0695705413818359,1541,0,1420,0,0.1296071886700578,0.001358401292644,0.12961430711548713
1782476811.724134,222,303,0,0,0.0506801605224609,1502,0,1466,0,0.1296071886700578,0.001358401292644,0.12961430711548713
1782476812.2280438,226,289,0,0,0.0866813659667968,1474,0,1496,0,0.1296071886700578,0.001358401292644,0.12961430711548713
1782476812.7328904,226,229,229,0,0.0,1474,0,1496,0,0.1296071886700578,0.001358401292644,0.12961430711548713
1782476813.237696,229,229,229,0,0.0,1396,0,1567,0,0.1296071886700578,0.001358401292644,0.12961430711548713
1782476813.7423668,224,25,25,9,-0.1523978412151336,1756,0,1244,0,0.1296071886700578,0.001358401292644,0.12961430711548713
1782476814.246122,231,24,24,9,-0.1706145256757736,1724,0,1276,0,0.1289350193891418,0.6349186702217086,0.6478780417802267
1782476814.74989,256,25,25,8,-0.1297322362661361,1748,0,1252,0,0.1573159913253674,0.6407052969152773,0.6597360067648095
1782476815.2542386,264,25,25,8,-0.1266198307275772,1768,0,1232,0,0.1568612334297249,0.6157408674631507,0.6354071627054325
1782476815.7581975,297,24,24,8,-0.2732323110103607,1757,0,1243,0,0.1566227593605463,0.5898902973527071,0.610328806186122
1782476816.262669,309,24,24,8,-0.2385747581720352,1755,0,1245,0,0.140762516482372,0.5693469207061,0.586489558444111
1782476816.7672691,335,26,26,8,0.0800069719552993,1824,0,1176,0,0.1679911786079439,0.6023399760375047,0.6253275004531208
1782476817.272514,343,26,26,8,0.1391059607267379,1824,0,1176,0,0.3465421112956628,0.7594504961783591,0.8347793067912089
1782476817.7772017,343,26,26,8,0.1391059607267379,1827,0,1173,0,0.7390464729418939,1.1575833815106966,1.3733859524247336
1782476818.2821395,17,27,27,8,0.1400030255317688,1661,0,1339,0,1.2932231066857336,1.7428318759793513,2.170227857068378
1782476818.7858136,30,26,26,8,0.1333388388156891,1576,0,1424,0,2.1168509470002594,2.5881995933008257,3.3436260356951486
1782476819.2899532,52,26,26,8,0.1186739578843116,1532,0,1591,0,2.846008856288404,3.3560390915991936,4.400314169967182
1782476819.7939658,55,26,26,8,0.120449848473072,1535,0,1690,0,3.614189627484482,4.20416120085993,5.544126447532778
1782476820.2976573,53,26,26,8,0.1253381669521331,1607,0,1852,0,4.204039564868155,4.882312878095759,6.442897461747822
1782476820.8014774,51,26,26,8,0.0898018181324005,1670,0,1879,0,4.662321843820334,5.485716627948038,7.199328572687166
1782476821.305279,45,24,26,7,-0.1807025671005249,1802,0,1973,0,4.978457345352251,5.956699007572819,7.763201698159774
1782476821.8103733,45,23,26,7,-0.3392703533172607,1802,0,1976,0,5.262934575357542,6.373716300952537,8.2657570633017
1782476822.31402,45,23,26,7,-0.3392703533172607,1802,0,1976,0,5.578641790078835,6.942742913862642,8.906341751246913
1782476822.817703,44,16,26,5,-0.9273496866226196,1711,0,1956,0,5.86701209267019,7.545546981939999,9.558091344625351
1782476823.3218515,44,13,26,4,-1.117004632949829,1677,0,1930,0,6.125105930393341,8.220931963094829,10.251860562862424
1782476823.8263,41,359,26,3,-1.596240758895874,1604,0,1905,0,6.375324804030383,8.857139998315521,10.913005786979392
1782476824.3312726,41,353,26,3,-1.6930549144744873,1581,0,1886,0,6.552781437158955,9.288768348372876,11.367504651105657
1782476824.835936,35,337,26,2,-1.866671085357666,1531,0,1870,0,6.650844461445262,9.581184330551084,11.663311074747801
1782476825.3399143,34,330,26,2,-1.9075169563293457,1488,0,1854,0,6.642504496112052,9.515016089383485,11.604240481914161
1782476825.8434465,27,303,26,1,-1.9749460220336916,1345,0,1743,0,6.6236423995164255,9.2501347290248,11.37706601641137
1782476826.3473685,27,292,26,1,-1.9717960357666016,1282,0,1679,0,6.644699842520301,8.945600636845315,11.143419885794335
1782476826.8512945,27,259,26,2,-1.8552641868591309,1282,0,1679,0,6.63315790135349,8.787887546822727,11.010256640055681
1782476827.3557143,23,259,26,2,-1.8552641868591309,1085,0,1509,0,6.548978494833984,8.852429242997932,11.011567682581937
1782476827.8607855,21,252,26,2,-1.8383476734161377,1031,0,1513,0,6.514329226244203,8.897586367209595,11.027398987515298
1782476828.3662615,19,244,26,2,-1.7965312004089355,1011,0,1489,0,6.46062819212216,8.93100702312631,11.02282192017884
1782476828.8710546,14,242,26,2,-1.7743043899536133,1028,0,1495,0,6.421152002170451,8.93903660801705,11.006251337964555
1782476829.375964,1,247,26,2,-1.8614158630371092,1244,0,1756,0,6.286599132984845,8.937251222287397,10.926837972127316
1782476829.8810256,354,251,26,2,-1.9529566764831543,1254,0,1746,0,5.996557967702786,8.894355466527525,10.726987770337386
1782476830.3847466,333,258,26,2,-2.1209349632263184,1322,0,1738,0,5.655377972086183,8.812911933318839,10.47142381682602
1782476830.8893964,324,258,26,2,-2.0662856101989746,1326,0,1733,0,5.296055442676956,8.718802105656385,10.20126038337942
1782476831.393855,324,258,26,2,-2.0662856101989746,1326,0,1733,0,5.013896304648424,8.61058982507878,9.96400588566252
1782476831.8989437,308,255,26,2,-1.9689767360687256,1322,0,1811,0,4.7854654011883095,8.496081656050382,9.751106737814236
1782476832.4041507,299,254,26,2,-1.9325430393218996,1399,0,1762,0,4.626032142726586,8.376214273886019,9.568758485174104
1782476832.9088404,270,253,26,2,-1.807698965072632,1475,0,1747,0,4.514200789526148,8.327599300727435,9.472429407582542
1782476833.4152184,265,252,26,2,-1.6810791492462158,1483,0,1707,0,4.472402468699628,8.392919602302989,9.510177879133087
1782476833.920299,254,250,26,1,-1.2168200016021729,1415,0,1662,0,4.474059909890216,8.51028463106936,9.61468442431171
1782476834.4245129,253,249,26,1,-1.0297822952270508,1395,0,1638,0,4.493617535155075,8.539025706737593,9.649225801719982
1782476834.9283197,249,248,26,1,-0.7654485702514648,1400,0,1587,0,4.49728828693915,8.47682037280643,9.595941098645104
1782476835.4333236,247,250,26,0,-0.686375617980957,1402,0,1557,0,4.440672991485751,8.401967530892207,9.503296007569054
1782476835.9388633,237,257,26,0,-0.4895796775817871,1402,0,1557,0,4.433821138802331,8.42305917825121,9.518754950686164
1782476836.4436874,237,257,26,0,-0.4895796775817871,1392,0,1518,0,4.479289339988741,8.48149567755857,9.591652720974706
1782476836.95058,236,257,26,0,-0.4393789768218994,1385,0,1527,0,4.520937867381541,8.514420332103736,9.640240287070952
1782476837.4548244,228,241,26,0,-0.3158533573150635,1375,0,1604,0,4.571205753446191,8.558169357185973,9.702483433977948
1782476837.9587364,226,237,26,0,-0.3114042282104492,1425,0,1568,0,4.545010795669872,8.541612061327339,9.675549583303697
1782476838.4636817,218,240,26,0,-0.3260691165924072,1469,0,1505,0,4.489181254185445,8.535008646107189,9.643605182816978
1782476838.9681673,216,243,26,0,-0.3171896934509277,1434,0,1523,0,4.431139626876117,8.493512313024473,9.579913872492286
1782476839.4721448,212,241,26,0,-0.2989730834960937,1473,0,1545,0,4.413609600124994,8.42978916266025,9.515318966236482
1782476839.9769778,211,240,26,0,-0.3109650611877441,1491,0,1542,0,4.3858920329017135,8.32920831310873,9.413381966510777
1782476840.4812918,208,239,26,0,-0.3380608558654785,1529,0,1532,0,4.3335222057796905,8.154761044175235,9.23469232814952
1782476840.9865606,208,238,26,0,-0.3549413681030273,1529,0,1532,0,4.29395497337027,8.020877664088738,9.097940855798575
1782476841.4916632,207,238,26,0,-0.3549413681030273,1535,0,1540,0,4.284326474679173,8.017307384106456,9.090251428474614
1782476841.9956343,204,236,26,0,-0.3082914352416992,1498,0,1568,0,4.267423173606147,8.004434972121325,9.070935991701722
1782476842.4996357,204,234,26,0,-0.2749710083007812,1488,0,1578,0,4.269761135461456,7.967436302166497,9.039408242964672
1782476843.005161,201,239,26,0,-0.2589881420135498,1519,0,1527,0,4.279507489157011,7.926625424638729,9.008083867964377
1782476843.5095787,200,242,26,0,-0.2603247165679931,1509,0,1521,0,4.291706698673989,7.986876038300818,9.066914317375398
1782476844.0140023,198,281,26,0,-0.315889835357666,1477,0,1468,0,4.274581227202087,8.024086673271826,9.091645154103135
1782476844.5193484,198,295,26,0,-0.3234508037567138,1473,0,1467,0,4.203775279299311,8.011077379412152,9.04704854512106
1782476845.0236726,197,302,26,0,-0.3065710067749023,1489,0,1511,0,4.189734064352115,8.00757543631985,9.037429717477504
1782476845.52754,197,305,26,0,-0.3047950267791748,1489,0,1511,0,4.189734064352115,8.00757543631985,9.037429717477504
1782476846.0315382,197,305,26,0,-0.3047950267791748,1515,0,1485,0,4.189734064352115,8.00757543631985,9.037429717477504
1782476846.5359545,195,312,26,0,-0.3474531173706054,1530,0,1470,0,4.189734064352115,8.00757543631985,9.037429717477504
1782476847.0413678,195,312,26,0,-0.3474531173706054,1519,0,1481,0,4.189734064352115,8.00757543631985,9.037429717477504
1782476847.54545,198,302,26,0,-0.3065710067749023,1485,0,1515,0,4.189734064352115,8.00757543631985,9.037429717477504
1782476848.0494723,199,308,26,0,-0.2781381607055664,1469,0,1531,0,4.189734064352115,8.00757543631985,9.037429717477504
1782476848.5538623,198,154,26,8,0.0708683729171752,1496,0,1504,0,4.189734064352115,8.00757543631985,9.037429717477504
1782476849.0584097,198,154,26,8,0.0678218454122543,1434,0,1556,0,4.189734064352115,8.00757543631985,9.037429717477504
1782476849.5623784,191,154,26,8,-0.0074714124202728,1351,0,1782,0,4.189734064352115,8.00757543631985,9.037429717477504
1782476850.0670693,186,153,26,8,-0.0499779880046844,1384,0,1846,0,5.835639074589846,4.02058022944466,7.086589362329463
1782476850.572168,186,153,26,8,-0.0499779880046844,1384,0,1846,0,6.352024441307189,2.986518516191923,7.019081660055047
1782476851.0766678,166,153,26,8,-0.1489908099174499,1661,0,1930,0,6.832168660785931,2.1336028318248226,7.157568697078382
1782476851.5797474,161,152,26,8,-0.1721300929784774,1749,0,1946,0,7.263702634277099,1.36574263811457,7.390982946318318
1782476852.083342,156,152,26,7,-0.2084712982177734,1819,0,2000,0,7.671449370957401,0.7258849541966732,7.705715049097767
1782476852.5876827,155,152,26,6,-0.2196419239044189,1834,0,2000,0,7.980967919036142,0.2509246961863428,7.9849115291179205
1782476853.0920663,155,151,26,5,-0.2447397708892822,1827,0,2000,0,8.292563966643053,-0.2274744924590803,8.295683322402459
1782476853.5964887,154,151,26,4,-0.2298699617385864,1806,0,1974,0,8.536135681938521,-0.5666318203958355,8.55492162444222
1782476854.100699,151,150,26,3,-0.2044823169708252,1710,0,1892,0,8.7272644476054,-0.7950643858557961,8.763405280830817
1782476854.6043763,151,150,26,2,-0.1695916652679443,1688,0,1849,0,8.884364704355672,-0.9847690316916844,8.93877543323356
1782476855.108965,151,150,26,1,-0.0757286548614502,1688,0,1849,0,9.006630390254553,-1.1353206613440272,9.077904162896386
1782476855.6139345,149,150,26,1,-0.0757286548614502,1598,0,1732,0,9.075386028751527,-1.2218694498226592,9.157270145805919
1782476856.1185036,148,152,26,0,-0.01951265335083,1564,0,1669,0,9.053202805943092,-1.161480356879496,9.127404760661861
1782476856.6236706,146,297,26,0,0.1230947971343994,1435,0,1536,0,8.916072113179691,-0.9896734880520128,8.970830259255472
1782476857.1300452,144,313,26,0,0.1781504154205322,1413,0,1490,0,8.801858643444337,-0.8750478661923669,8.845248687702545
1782476857.6365402,142,317,26,1,0.3058881759643554,1343,0,1414,0,8.706153342197691,-0.7904963589338558,8.741967199169059
1782476858.1402,141,317,26,1,0.342228889465332,1329,0,1403,0,8.635950445806202,-0.7318855586897288,8.66690813228333
1782476858.6444485,138,318,26,1,0.417304515838623,1288,0,1404,0,8.585916207908538,-0.7100965554515419,8.615230365306006
1782476859.1504085,137,318,26,1,0.4245576858520508,1294,0,1399,0,8.490491364319267,-0.6499951336847506,8.515335418020474
1782476859.6547885,137,318,26,1,0.4245576858520508,1294,0,1399,0,8.42841836790101,-0.5906132866713993,8.44908635526729
1782476860.160526,136,317,26,1,0.4191904067993164,1479,0,1521,0,8.376547399480055,-0.5592204724760163,8.395193498221014
1782476860.6669905,134,317,26,1,0.3828496932983398,1479,0,1521,0,8.378167361931277,-0.5603933001337579,8.396888054235646
1782476861.1722012,131,317,26,1,0.3161883354187011,1468,0,1532,0,8.387961156639248,-0.5600235102294072,8.406635396952725
1782476861.6775312,131,318,26,1,0.2804276943206787,1459,0,1541,0,8.304862028157466,-0.4834592274685155,8.318922173656643
1782476862.1824903,128,321,26,0,0.2131130695343017,1459,0,1541,0,8.236693723441519,-0.4324221846054891,8.24803688398154
1782476862.6872623,127,322,26,0,0.1761195659637451,1451,0,1549,0,8.26653742005046,-0.4160070226604745,8.276998414884307
1782476863.1910317,124,326,26,0,0.0997378826141357,1469,0,1531,0,8.339298309381025,-0.3887498257755743,8.348354491747806
1782476863.6956823,121,327,26,0,0.0779049396514892,1468,0,1532,0,8.350270844675036,-0.4086929859526436,8.360266331654561
1782476864.2003326,121,327,26,0,0.0779049396514892,1468,0,1532,0,8.177700357403316,-0.4048098899455675,8.187713611410212
1782476864.706351,118,327,26,0,0.0779049396514892,1446,0,1554,0,8.02059046245465,-0.3506228435458107,8.02825060301649
1782476865.211272,118,327,26,0,0.0760910511016845,1456,0,1544,0,7.936328770546476,-0.3381297811089098,7.943528567524416
1782476865.7166655,116,332,26,0,0.0197298526763916,1483,0,1517,0,7.934663922114483,-0.3540455791155157,7.942558770887152
1782476866.221678,112,334,26,0,-0.0087769031524658,1488,0,1512,0,8.012896336739384,-0.3760588718823123,8.021716024545672
1782476866.7266529,108,326,26,0,0.0658628940582275,1488,0,1512,0,7.981311710213143,-0.3757050248522091,7.9901496157008625
1782476867.231546,108,322,26,0,0.1040902137756347,1482,0,1518,0,7.888937754178081,-0.3599041887177088,7.897143148908525
1782476867.7356803,105,337,26,0,-0.027564525604248,1437,0,1563,0,7.811232335154266,-0.3292003159555585,7.818166245468614
1782476868.242073,105,349,26,0,-0.1130850315093994,1458,0,1542,0,7.736811607471341,-0.314020323785849,7.743181685409032
1782476868.748069,101,12,26,0,-0.2386462688446045,1471,0,1553,0,7.779706111790953,-0.3150822454315217,7.786083996928346
1782476869.253989,101,13,26,0,-0.2453198432922363,1471,0,1553,0,7.820827703671247,-0.3203344926086265,7.82738526953072
1782476869.758227,102,13,26,0,-0.2453198432922363,1424,0,1580,0,7.873679538750796,-0.3197716090603291,7.880170262177333
1782476870.2622974,100,2,26,0,-0.1931657791137695,1454,0,1546,0,7.986920169406535,-0.2970356650596185,7.99244167816008
1782476870.7668636,99,10,26,0,-0.2416927814483642,1460,0,1576,0,8.06734649833167,-0.2607639032555272,8.071559783423853
1782476871.2704494,97,24,26,0,-0.3187272548675537,1495,0,1559,0,8.115483180583473,-0.254209990868914,8.119463650623162
1782476871.774632,94,31,26,0,-0.3605809211730957,1506,0,1572,0,8.164444319088359,-0.2363544650222684,8.167864743776683
1782476872.2782123,89,32,26,0,-0.3623943328857422,1488,0,1566,0,8.3029589809869,-0.1932144077954898,8.305206779324088
1782476872.7821124,87,28,26,0,-0.3290274143218994,1482,0,1574,0,8.47030763792648,-0.1034092048494866,8.470938846713702
1782476873.286578,83,14,26,0,-0.2355999946594238,1481,0,1540,0,8.540544770372488,-0.0107901964666023,8.540551586582488
1782476873.7911828,80,2,26,0,-0.1640057563781738,1486,0,1520,0,8.578798318728339,0.0434007131653633,8.578908101577928
1782476874.2959113,80,2,26,0,-0.1640057563781738,1486,0,1520,0,8.636214978790688,0.0765484853937522,8.636554222055501
1782476874.8001373,80,342,26,0,-0.0444653034210205,1462,0,1538,0,8.662069638058052,0.0992084684272669,8.662637746943759
1782476875.3055272,77,338,26,0,-0.0244450569152832,1474,0,1526,0,8.720477039440043,0.1318594276852134,8.721473883700533
1782476875.810299,72,311,26,0,0.1418097019195556,1471,0,1529,0,8.773384857605098,0.1072004183465144,8.774039764518285
1782476876.3146443,71,297,26,0,0.2528636455535888,1474,0,1526,0,8.8089946883399,0.1681995164325063,8.810600348246918
1782476876.8185318,69,273,26,0,0.4659042358398437,1515,0,1485,0,8.7973889887322,0.2651068704940923,8.801382543205909
1782476877.3239655,67,270,26,0,0.5005044937133789,1508,0,1492,0,8.808411231649208,0.2843845522960215,8.813000794248717
1782476877.8278008,66,267,26,0,0.5818178653717041,1500,0,1500,0,8.842367436431417,0.2720951157514833,8.846552867240353
1782476878.3321936,66,265,26,0,0.5982115268707275,1500,0,1500,0,8.858167237995312,0.2918972068287251,8.862975278970822
1782476878.8366215,66,265,26,0,0.5982115268707275,1497,0,1503,0,8.881970331306416,0.3927201687444341,8.890648238297704
1782476879.3413932,64,263,26,0,0.6928720474243164,1471,0,1529,0,8.89681561626529,0.4616303296817508,8.908783905287187
1782476879.8452115,66,265,26,0,0.7165188789367676,1439,0,1561,0,8.962533717777276,0.5326803190120242,8.97834945658484
1782476880.3498538,65,256,26,0,0.7966718673706055,1540,0,1460,0,9.064313553081243,0.5496713749860447,9.080964640887627
1782476880.8543274,65,253,26,0,0.8161118030548096,1516,0,1484,0,9.156062899465388,0.5906878229614988,9.175096725547995
1782476881.3583505,64,255,26,0,0.8512923717498779,1465,0,1535,0,9.158608083431792,0.6060981891972183,9.178641350485938
1782476881.8628154,64,255,26,0,0.8579661846160889,1500,0,1500,0,9.13113579198894,0.6096800736439422,9.151467130681286
1782476882.3668995,63,246,26,0,0.9593725204467772,1540,0,1460,0,9.12053726625273,0.6585227816755956,9.144279757263039
1782476882.870723,64,245,26,0,0.980625867843628,1513,0,1487,0,9.080329386105731,0.7231898200313629,9.109082570488221
1782476883.3741765,64,245,26,0,0.980625867843628,1513,0,1487,0,9.113806797246731,0.7735312755537639,9.14657449386384
1782476883.8804142,65,244,26,1,1.14811372756958,1465,0,1535,0,9.17505719348814,0.7640591485035682,9.206816001538776
1782476884.3856587,67,245,26,1,1.1996872425079346,1493,0,1507,0,9.193205661149523,0.7723026899474323,9.225588424219437
1782476884.8902194,67,245,26,1,1.2876741886138916,1501,0,1499,0,9.23724128672188,0.743016422088324,9.267076129643709
1782476885.3950553,68,244,26,1,1.2791874408721924,1506,0,1494,0,9.212660319548371,0.7183584634607262,9.240624927211728
1782476885.8997734,68,242,26,1,1.2786073684692385,1529,0,1471,0,9.19583004733545,0.7799210983460512,9.228844303547591
1782476886.4035256,68,240,26,1,1.2731671333312988,1549,0,1451,0,9.230718730348784,0.9193753562546856,9.27639042540256
1782476886.9080658,71,237,26,1,1.312047004699707,1521,0,1479,0,9.112347758935211,1.042175068418573,9.171750680922637
1782476887.4126763,72,239,26,1,1.35390043258667,1471,0,1529,0,9.026609846103195,1.046056398624977,9.087019274925712
1782476887.9171216,72,241,26,1,1.3975682258605957,1471,0,1529,0,8.98873284102059,1.1988408631062606,9.068326058446258
1782476888.421278,80,241,26,1,1.3975682258605957,1472,0,1507,0,9.05125069672677,1.1911036034926192,9.129286224522152
1782476888.925626,81,241,26,1,1.4175877571105957,1444,0,1452,0,9.110215468557197,1.211279349563091,9.190387562351047
1782476889.429683,79,240,26,1,1.3824076652526855,1436,0,1516,0,9.008607939167003,1.2836595983868486,9.099604330197739
1782476889.9336655,78,239,26,1,1.392127513885498,1513,0,1487,0,8.886944028199641,1.3435842647360945,8.98793596087554
1782476890.4377208,78,229,26,1,1.4687256813049316,1623,0,1377,0,8.750498668221871,1.407148220678566,8.862916735336714
1782476890.9419715,79,227,26,1,1.405038595199585,1609,0,1391,0,8.63544483523538,1.479353851282272,8.761243936776163
1782476891.4459212,93,221,26,1,1.3966243267059326,1580,0,1420,0,8.589505332640393,1.507650797153705,8.720814915225294
1782476891.9499073,97,222,26,1,1.4184577465057373,1606,0,1394,0,8.585330178287851,1.5042577973697404,8.71611643974355
1782476892.4545388,108,221,26,1,1.5271179676055908,1606,0,1394,0,8.6836696512565,1.4056998433105177,8.796710218123385
1782476892.958512,108,219,26,1,1.4652440547943115,1628,0,1372,0,8.86016791097219,1.2450030858717145,8.947212308560216
1782476893.4623363,112,219,26,1,1.4652440547943115,1596,0,1404,0,8.997343084750824,1.122060905603343,9.067039387837513
1782476893.966049,121,211,26,1,1.2990622520446775,1577,0,1500,0,9.008084865857144,1.1224135803441853,9.07774229617836
1782476894.4704468,122,207,26,1,1.2450945377349854,1600,0,1507,0,8.95438794283221,1.1589572378936366,9.029077766306196
