time,heading,target_bearing,nav_bearing,wp_dist,xtrack_error,servo1,servo2,servo3,servo4,x,y,x_target,y_target,distance
1782481027.2310505,129,128,128,1,0.0,1491,0,1509,0,6.358397720144028,1.2186206984559491,0.0,0.0,6.474122177889296
1782481027.7354128,129,128,128,1,0.0,1491,0,1509,0,6.358397720144028,1.2186206984559491,0.0,0.0,6.474122177889296
1782481028.239847,129,258,258,6,-0.0438736863434314,1673,0,1327,0,6.358397720144028,1.2186206984559491,0.0,0.0,6.474122177889296
1782481028.744709,136,258,258,6,-0.0438736863434314,1673,0,1327,0,6.358397720144028,1.2186206984559491,0.0,0.0,6.474122177889296
1782481029.2506678,139,259,259,6,-0.0137025956064462,1730,0,1270,0,6.358397720144028,1.2186206984559491,0.0,0.0,6.474122177889296
1782481029.7551506,142,259,259,6,-0.0137025956064462,1730,0,1270,0,6.358397720144028,1.2186206984559491,0.0,0.0,6.474122177889296
1782481030.2587202,144,259,259,6,0.0206173323094844,1769,0,1231,0,6.358397720144028,1.2186206984559491,0.0,0.0,6.474122177889296
1782481030.7629404,157,259,259,6,0.0206173323094844,1769,0,1231,0,6.358397720144028,1.2186206984559491,0.0,0.0,6.474122177889296
1782481031.26709,166,259,259,6,0.0123196486383676,1734,0,1266,0,6.358397720144028,1.2186206984559491,0.0,0.0,6.474122177889296
1782481031.7712002,181,259,259,6,0.0123196486383676,1734,0,1266,0,6.358397720144028,1.2186206984559491,0.0,0.0,6.474122177889296
1782481032.2759356,190,259,259,6,-0.0287881381809711,1755,0,1245,0,6.153975551558791,1.243795025100555,0.0,0.0,6.278410718776545
1782481032.7813246,210,259,259,6,-0.0287881381809711,1755,0,1245,0,6.056823021112151,1.2492391096179192,0.0,0.0,6.184311074167687
1782481033.2872765,215,259,259,6,0.0012560691684484,1753,0,1247,0,5.892559444829423,1.2757713252018317,0.0,0.0,6.029083619013397
1782481033.7929184,230,259,259,6,0.0012560691684484,1753,0,1247,0,5.7449171867569095,1.27724956816542,0.0,0.0,5.885188182384118
1782481034.298508,245,259,259,6,-0.0028927717357873,1695,0,1305,0,5.716056708720624,1.2863481822119731,0.0,0.0,5.859009809105128
1782481034.802957,257,259,259,6,-0.0028927717357873,1695,0,1305,0,5.57728081322629,1.2944289672072056,0.0,0.0,5.725522475785701
1782481035.3100772,264,259,259,6,-0.0207442101091146,1522,0,1478,0,5.2253361528184445,1.3348539806849145,0.0,0.0,5.393141297954451
1782481035.8150408,271,259,259,6,-0.0207442101091146,1522,0,1478,0,4.550381076270111,1.3648469999121673,0.0,0.0,4.750660509070962
1782481036.319795,274,258,259,6,-0.038722526282072,1501,0,1499,0,3.559450719368002,1.400338703525873,0.0,0.0,3.825001687346283
1782481036.8244207,276,258,259,6,-0.0814670175313949,1492,0,1543,0,2.492477100541404,1.4413058573513402,0.0,0.0,2.8792020893224164
1782481037.3288517,275,258,259,6,-0.0814670175313949,1492,0,1543,0,1.3882894007613578,1.465275900017281,0.0,0.0,2.0185095797240553
1782481037.8332808,275,257,259,5,-0.1408068835735321,1734,0,1741,0,0.3448147949452024,1.4880677705684138,0.0,0.0,1.5274956407851223
1782481038.3374617,271,257,259,5,-0.1477216035127639,1799,0,1804,0,-0.5389879530274603,1.498133015457067,0.0,0.0,1.592140240528835
1782481038.8417847,271,255,259,5,-0.3116579353809356,1885,0,1938,0,-1.130729374970424,1.4885824544310002,0.0,0.0,1.8693385576349797
1782481039.3462343,271,254,259,4,-0.4248058497905731,1885,0,1938,0,-1.548724256526305,1.4797591650065511,0.0,0.0,2.142016341948362
1782481039.8505073,271,254,259,4,-0.4248058497905731,1867,0,1904,0,-1.7250311099765048,1.4555828136963789,0.0,0.0,2.257089643305077
1782481040.3542876,271,244,259,3,-0.816928505897522,1739,0,1810,0,-1.7328464716504022,1.426268010692598,0.0,0.0,2.244325585256352
1782481040.8583808,270,237,259,2,-0.9660330414772034,1679,0,1759,0,-1.692348100303418,1.4131408667167908,0.0,0.0,2.2047696482366748
1782481041.3618877,270,192,259,1,-1.341814041137695,1493,0,1635,0,-1.732617070378985,1.4358487971991702,0.0,0.0,2.250249693031189
1782481041.8665123,269,170,259,1,-1.453705906867981,1428,0,1594,0,-1.7429953535765728,1.4328016143866154,0.0,0.0,2.2563140891237667
1782481042.3707554,268,143,259,1,-1.607213020324707,1342,0,1529,0,-1.7397630901508636,1.3858259276820997,0.0,0.0,2.2242502358519003
1782481042.8760324,267,136,259,1,-1.6625308990478516,1303,0,1508,0,-1.7604634751747494,1.3093895157849436,0.0,0.0,2.194022003415619
1782481043.3806355,262,129,259,2,-1.7125706672668457,1269,0,1469,0,-1.8104320947043575,1.2789361579080665,0.0,0.0,2.2166059788650427
1782481043.8845842,259,128,259,2,-1.7030171155929563,1277,0,1459,0,-1.8666725167079483,1.3011466568527337,0.0,0.0,2.2754008234312986
1782481044.389398,259,128,259,2,-1.7030171155929563,1277,0,1459,0,-1.865191630176917,1.3623167805088223,0.0,0.0,2.309728734665166
1782481044.893486,246,129,259,2,-1.6933362483978271,1370,0,1630,0,-1.8321882044188744,1.4074514274774537,0.0,0.0,2.3103751074490004
1782481045.3982744,241,129,259,2,-1.6988682746887207,1356,0,1644,0,-1.788308008505958,1.3729780708753048,0.0,0.0,2.254576305293529
1782481045.90264,224,128,259,2,-1.676994800567627,1389,0,1611,0,-1.7116798252258811,1.2184544717524957,0.0,0.0,2.101066187396046
1782481046.4068935,218,127,259,2,-1.6223113536834717,1398,0,1602,0,-1.6084004747788263,1.0448425888712072,0.0,0.0,1.9179802196028612
1782481046.9112222,203,124,259,2,-1.5514131784439087,1329,0,1668,0,-1.4300552947106668,0.7815687112868754,0.0,0.0,1.6296956146448451
1782481047.4156368,196,124,259,2,-1.56788170337677,1346,0,1678,0,-1.2815241163862885,0.5899580453254071,0.0,0.0,1.410799261455659
1782481047.91968,183,125,259,2,-1.6239479780197144,1423,0,1682,0,-1.177507243320239,0.448562280238612,0.0,0.0,1.2600521526208712
1782481048.4240177,177,125,259,2,-1.6553751230239868,1457,0,1678,0,-1.1053443643064351,0.3691735439963141,0.0,0.0,1.1653648653064823
1782481048.928394,177,126,259,2,-1.5840961933135986,1457,0,1678,0,-1.0537923597554533,0.3357705665324612,0.0,0.0,1.1059928620151653
1782481049.4333868,156,126,259,2,-1.5840961933135986,1505,0,1645,0,-0.925490406005047,0.2508040948936778,0.0,0.0,0.9588718296116658
1782481049.9404883,150,124,259,2,-1.4650486707687378,1497,0,1645,0,-0.922776017992821,0.214249513915573,0.0,0.0,0.9473217159950185
1782481050.4454992,145,119,259,1,-1.0831396579742432,1439,0,1612,0,-0.9623642952630844,0.2150987840888029,0.0,0.0,0.9861097929306323
1782481050.9498763,141,116,259,1,-0.921601176261902,1433,0,1593,0,-0.9715241407053392,0.2127947275224822,0.0,0.0,0.9945555550267743
1782481051.4545877,140,109,259,1,-0.6217808723449707,1401,0,1598,0,-0.920358395875322,0.1906595487984826,0.0,0.0,0.9398992714148877
1782481051.9591415,135,107,259,1,-0.5450971722602844,1434,0,1562,0,-0.7196172947925605,0.1213383275600259,0.0,0.0,0.7297753357709666
1782481052.4628627,127,105,259,1,-0.4601155519485473,1427,0,1560,0,-0.5857830367686281,0.0926464840760239,0.0,0.0,0.5930641931338672
1782481052.967307,123,103,259,0,-0.3888368010520935,1436,0,1531,0,-0.5067573882729552,0.1110747312568378,0.0,0.0,0.5187876699508244
1782481053.4709704,123,100,259,0,-0.3464728593826294,1436,0,1531,0,-0.5479940180328393,0.1330500562518,0.0,0.0,0.5639146755213796
1782481053.9749434,119,100,259,0,-0.347855806350708,1419,0,1615,0,-0.672415410916705,0.1291879019624843,0.0,0.0,0.684713077757209
1782481054.4786806,117,100,259,0,-0.347855806350708,1467,0,1567,0,-0.6751141053023135,0.1172378475572623,0.0,0.0,0.6852180441859388
1782481054.982966,108,100,259,0,-0.347855806350708,1476,0,1572,0,-0.6814156688501035,0.1423199304811244,0.0,0.0,0.6961194411640764
1782481055.4871793,108,100,259,0,-0.3300044536590576,1445,0,1572,0,-0.6411629093550353,0.2004341712203515,0.0,0.0,0.6717616640784159
1782481055.9921706,105,97,259,0,-0.1816608905792236,1432,0,1521,0,-0.6170588465971881,0.2305142465626969,0.0,0.0,0.6587096765891783
1782481056.496497,105,99,259,0,-0.1843000650405883,1440,0,1514,0,-0.6106788155324164,0.2158202977575821,0.0,0.0,0.6476936132649808
1782481057.0002406,100,102,259,0,-0.2020245790481567,1483,0,1523,0,-0.4004526977526486,0.1816817243638078,0.0,0.0,0.4397392546784751
1782481057.5054317,99,100,259,0,-0.2172369956970214,1478,0,1558,0,-0.1839734342993284,0.1693852302900326,0.0,0.0,0.25007515024147575
1782481058.0090835,99,98,259,0,-0.2145980596542358,1478,0,1558,0,-0.1420757648649355,0.2279379535894229,0.0,0.0,0.2685912017332108
1782481058.5129886,93,98,259,0,-0.2145980596542358,1513,0,1516,0,-0.3539793797395864,0.3575817496199109,0.0,0.0,0.5031561476739194
1782481059.017396,92,100,259,0,-0.2269176244735717,1528,0,1514,0,-0.5768355477215832,0.3902019502239299,0.0,0.0,0.6964171243398722
1782481059.5219758,94,109,259,0,-0.3142845034599304,1536,0,1499,0,-0.7315926790065217,0.3889349776789833,0.0,0.0,0.8285519083546249
1782481060.0259554,93,109,259,0,-0.315667450428009,1511,0,1539,0,-0.8090015594353841,0.3706300884106285,0.0,0.0,0.8898596437664502
1782481060.5302098,94,116,259,0,-0.2413688898086547,1451,0,1486,0,-0.8756767862307334,0.3493488905400312,0.0,0.0,0.9427907940073113
1782481061.0338602,95,128,259,0,-0.2027733325958252,1462,0,1449,0,-0.931618680419579,0.3298621811841856,0.0,0.0,0.9882926814877797
1782481061.5381386,95,95,95,0,0.0,1488,0,1512,0,-0.93670169380283,0.3209612974976547,0.0,0.0,0.9901647426890481
1782481062.0413349,94,95,95,0,0.0,1507,0,1493,0,-1.0774782910199514,0.3689769161708751,0.0,0.0,1.13890448778036
1782481062.5449443,94,95,95,0,0.0,1507,0,1493,0,-1.257742861415826,0.4229547768905839,0.0,0.0,1.3269543506605768
1782481063.0497282,89,95,95,0,0.0,1544,0,1456,0,-1.3948845769599914,0.4588617067613983,0.0,0.0,1.4684199157505449
1782481063.5537932,90,95,95,0,0.0,1535,0,1465,0,-1.5437523971092022,0.5225526921112472,0.0,0.0,1.6297953183185672
1782481064.0580924,95,95,95,0,0.0,1500,0,1500,0,-1.6654985907376882,0.5459107787170427,0.0,0.0,1.7526848359213567
1782481064.5620952,96,95,95,0,0.0,1495,0,1505,0,-1.7825864682045185,0.5703108272277553,0.0,0.0,1.871595297140668
1782481065.0658138,99,95,95,0,0.0,1457,0,1543,0,-1.8651111093469157,0.5450571925059173,0.0,0.0,1.9431229485834691
1782481065.570476,99,95,95,0,0.0,1465,0,1535,0,-1.9122684110869743,0.5234582845170013,0.0,0.0,1.9826192402149696
1782481066.0748067,95,95,95,1,0.0,1500,0,1500,0,-2.093386304053742,0.5622422147462809,0.0,0.0,2.167575264216352
1782481066.5792675,93,95,95,1,0.0,1515,0,1485,0,-2.211918385184546,0.6170330855143169,0.0,0.0,2.296369476224749
1782481067.0830932,93,95,95,1,0.0,1513,0,1487,0,-2.3018898578478284,0.6721534730341776,0.0,0.0,2.3980173495983306
1782481067.5872102,93,95,95,1,0.0,1513,0,1487,0,-2.293507739784264,0.6905988463732736,0.0,0.0,2.395225358721475
1782481068.0918024,92,95,95,1,0.0,1535,0,1465,0,-2.292401818742346,0.6975520673808343,0.0,0.0,2.396181333972972
1782481068.5962708,95,95,95,1,0.0,1498,0,1502,0,-2.3114634459827696,0.6783648883381134,0.0,0.0,2.4089504320023942
1782481069.1004405,97,95,95,1,0.0,1475,0,1525,0,-2.2063081090524514,0.6460985731392898,0.0,0.0,2.2989647318484967
1782481069.6062624,97,95,95,1,0.0,1478,0,1522,0,-2.066543389077032,0.6084836903117801,0.0,0.0,2.1542641389378017
1782481070.111477,97,101,101,2,0.0,1547,0,1504,0,-1.900788481418525,0.5963045759659237,0.0,0.0,1.9921285095121857
1782481070.6159632,97,102,102,2,0.0,1594,0,1509,0,-1.86528864330498,0.6417356557409448,0.0,0.0,1.9725938189834706
1782481071.1210642,97,103,103,2,0.0,1596,0,1503,0,-1.8450097308125328,0.6654348871250098,0.0,0.0,1.9613425238331037
1782481071.6256058,101,103,103,2,0.0,1586,0,1537,0,-1.7903990037645132,0.6336342727810348,0.0,0.0,1.8992158867079099
1782481072.130697,101,102,102,2,0.0,1586,0,1537,0,-1.7361779779099176,0.5940632779689997,0.0,0.0,1.8350000406568505
1782481072.6366572,101,102,102,2,0.0,1579,0,1538,0,-1.6816544582622115,0.5716991328235346,0.0,0.0,1.7761761217470393
1782481073.1414828,104,102,102,2,0.0,1510,0,1512,0,-1.654214115080793,0.5896407449025195,0.0,0.0,1.7561607405308117
1782481073.646349,104,102,102,1,0.0,1488,0,1495,0,-1.5830243219678386,0.6097630350786307,0.0,0.0,1.6964011798186296
1782481074.14985,103,102,102,1,0.0,1505,0,1495,0,-1.527425358134945,0.5845306128525909,0.0,0.0,1.6354523111468247
1782481074.653435,102,102,102,1,0.0,1513,0,1487,0,-1.5207132766866218,0.5430945455262818,0.0,0.0,1.6147818909287286
1782481075.1577978,101,102,102,1,0.0,1510,0,1490,0,-1.5769218546279358,0.5640431284486414,0.0,0.0,1.6747618297397808
1782481075.662068,102,102,102,1,0.0,1500,0,1500,0,-1.6957353843356124,0.6430582973160844,0.0,0.0,1.8135717431176823
1782481076.167007,104,102,102,1,0.0,1480,0,1520,0,-1.6926567638456085,0.6518438912586054,0.0,0.0,1.8138322355618914
1782481076.6715865,105,102,102,1,0.0,1479,0,1521,0,-1.733158941108374,0.64418051753026,0.0,0.0,1.8490020157667362
1782481077.1759522,105,102,102,1,0.0,1479,0,1521,0,-1.767873117637882,0.6270927462379841,0.0,0.0,1.8757986758847498
1782481077.681155,101,102,102,1,0.0,1508,0,1492,0,-1.8191118607234449,0.6315606226604482,0.0,0.0,1.9256263349673963
1782481078.1852794,102,102,102,1,0.0,1500,0,1500,0,-1.8989146072457372,0.6512016762031756,0.0,0.0,2.007471122756454
1782481078.6892617,102,102,102,1,0.0,1495,0,1505,0,-1.8149065802015452,0.640665742568514,0.0,0.0,1.9246658121761642
1782481079.1930635,103,102,102,1,0.0,1493,0,1507,0,-1.849145057021637,0.6784642072430674,0.0,0.0,1.9696830004895503
1782481079.697235,101,102,102,1,0.0,1517,0,1483,0,-1.9744288193038677,0.7369542983429448,0.0,0.0,2.1074797271489487
1782481080.2014878,100,102,102,1,0.0,1524,0,1476,0,-2.112226808989306,0.7653597622730125,0.0,0.0,2.246614710696907
1782481080.7053835,105,102,102,1,0.0,1459,0,1541,0,-2.231220814975356,0.768922131560978,0.0,0.0,2.359997366435728
1782481081.2093,105,102,102,1,0.0,1476,0,1524,0,-2.173792889130254,0.7317697746979297,0.0,0.0,2.2936570205666573
1782481081.7136724,105,102,102,1,0.0,1476,0,1524,0,-2.1199389058230844,0.748402310057359,0.0,0.0,2.248165247957002
1782481082.2190323,104,102,102,1,0.0,1472,0,1528,0,-2.092580849487424,0.811061885996688,0.0,0.0,2.2442629067375357
