time,heading,target_bearing,nav_bearing,wp_dist,xtrack_error,servo1,servo2,servo3,servo4
1782398437.1643157,127,266,266,8,-0.5677261352539062,1542,0,1458,0
1782398438.1749601,130,266,266,8,-0.5899899005889893,1720,0,1280,0
1782398439.1826673,149,265,265,8,-0.6567811965942383,1715,0,1285,0
1782398440.1913266,168,264,264,8,-0.7681000232696533,1730,0,1270,0
1782398441.201497,190,264,264,8,-0.7347043752670288,1733,0,1267,0
1782398442.21137,211,265,265,8,-0.7235724925994873,1778,0,1222,0
1782398443.222102,236,264,264,8,-0.8014956712722778,1757,0,1243,0
1782398444.2297196,261,264,264,8,-0.8571550846099854,1671,0,1329,0
1782398445.2399142,270,263,263,8,-0.8682869672775269,1592,0,1472,0
1782398446.250025,272,264,263,8,-0.8571550846099854,1661,0,1550,0
1782398447.2608285,277,261,263,7,-1.0686609745025635,1776,0,1838,0
1782398448.2716877,277,256,263,5,-1.3135623931884766,1803,0,1866,0
1782398449.2805462,276,254,263,5,-1.3803536891937256,1820,0,1910,0
1782398450.2895033,275,245,263,3,-1.5695956945419312,1741,0,1864,0
1782398451.2988927,273,216,263,2,-1.7699695825576782,1526,0,1736,0
1782398452.3087914,271,175,263,1,-1.8812885284423828,1330,0,1609,0
1782398453.3184474,268,144,263,2,-1.9035522937774658,1162,0,1484,0
1782398454.327642,257,134,263,2,-1.8701566457748413,1135,0,1452,0
1782398455.3353512,234,139,263,2,-1.9592117071151733,1320,0,1680,0
1782398456.3437736,213,144,263,2,-2.059398651123047,1372,0,1738,0
1782398457.3538778,187,139,263,2,-1.9258160591125488,1345,0,1748,0
1782398458.3641756,181,138,263,2,-1.8367609977722168,1393,0,1736,0
1782398459.373687,159,134,263,2,-1.5139362812042236,1451,0,1720,0
1782398460.382141,138,131,263,1,-1.124320387840271,1421,0,1656,0
1782398461.391324,135,129,263,1,-0.7235724925994873,1425,0,1563,0
1782398462.400008,131,131,263,1,-0.6901768445968628,1448,0,1583,0
1782398463.4089358,116,129,263,1,-0.6679130792617798,1491,0,1557,0
1782398464.4185948,111,139,263,0,-0.5009347796440125,1439,0,1488,0
1782398465.427389,111,153,263,0,-0.44527536630630493,1468,0,1486,0
1782398466.4358284,108,143,263,0,-0.5009347796440125,1502,0,1505,0
1782398467.4445508,109,142,263,0,-0.5231985449790955,1520,0,1500,0
1782398468.4548733,109,137,263,0,-0.5899899005889893,1531,0,1542,0
1782398469.4648788,111,155,263,0,-0.48980292677879333,1503,0,1466,0
1782398470.4755533,114,160,263,0,-0.5565942525863647,1530,0,1486,0
1782398471.4844801,116,166,263,0,-0.5343304872512817,1539,0,1454,0
1782398472.4934347,121,161,263,0,-0.5343304872512817,1544,0,1505,0
1782398473.5024824,125,162,263,0,-0.5788580179214478,1554,0,1488,0
1782398474.512197,130,166,263,0,-0.512066662311554,1523,0,1493,0
1782398475.523656,134,173,263,0,-0.4341434836387634,1565,0,1473,0
1782398476.5324392,136,181,263,0,-0.4341434836387634,1555,0,1475,0
1782398477.5418475,145,193,263,0,-0.3450884222984314,1490,0,1456,0
1782398478.55143,145,232,263,0,-0.14471450448036194,1534,0,1485,0
1782398479.5602593,149,194,263,0,-0.3116927742958069,1579,0,1523,0
1782398480.5686367,153,188,263,0,-0.3784840703010559,1544,0,1511,0
1782398481.5774946,153,25,25,9,-0.15999378263950348,1482,0,1466,0
1782398482.5852904,150,24,24,9,-0.3237486481666565,1294,0,1706,0
1782398483.5952678,116,24,24,9,-0.3058108687400818,1280,0,1720,0
1782398484.6041412,72,25,25,9,-0.15276074409484863,1249,0,1751,0
1782398485.616433,38,26,26,9,0.01649121381342411,1239,0,1761,0
1782398486.6266727,28,26,26,9,0.023145563900470734,1447,0,1553,0
1782398487.638717,10,26,26,9,-0.0017359205521643162,1660,0,1556,0
1782398488.6495295,9,28,26,8,0.3301134705543518,1840,0,1643,0
1782398489.6583552,12,30,26,7,0.5783495306968689,1965,0,1799,0
1782398490.6689696,16,35,26,5,0.9345016479492188,1988,0,1829,0
1782398491.6775925,18,41,26,4,1.1274776458740234,1906,0,1718,0
1782398492.685729,21,68,26,2,1.4807370901107788,1762,0,1480,0
1782398493.695486,22,115,26,1,1.6141135692596436,1612,0,1314,0
1782398494.7063575,32,151,26,1,1.599069595336914,1529,0,1199,0
1782398495.7157788,37,153,26,2,1.5953080654144287,1544,0,1199,0
1782398496.7256515,63,148,26,2,1.700620412826538,1557,0,1255,0
1782398497.7349837,89,140,26,2,1.8993830680847168,1622,0,1356,0
1782398498.7458873,107,134,26,2,2.256692409515381,1720,0,1446,0
1782398499.7544653,127,134,26,2,2.1490654945373535,1660,0,1504,0
1782398500.7636833,130,134,26,2,1.922239065170288,1694,0,1519,0
1782398501.77306,142,133,26,1,1.7717928886413574,1630,0,1554,0
1782398502.7829509,143,124,26,1,1.0010454654693604,1539,0,1448,0
1782398503.791087,146,106,26,0,0.5795071125030518,1482,0,1447,0
1782398504.7994924,147,100,26,0,0.523378849029541,1483,0,1452,0
1782398505.8087504,149,101,26,0,0.5216434001922607,1504,0,1454,0
1782398506.8188999,154,97,26,0,0.5201966762542725,1454,0,1489,0
1782398507.8289087,155,90,26,0,0.47072291374206543,1465,0,1484,0
1782398508.8394222,153,106,26,0,0.6043887138366699,1500,0,1521,0
1782398509.8496377,152,105,26,0,0.5745885372161865,1494,0,1503,0
1782398510.8586624,151,107,26,0,0.5959982872009277,1521,0,1552,0
1782398511.869139,149,120,26,0,0.8323724269866943,1544,0,1581,0
1782398512.8793397,148,100,26,0,0.5167245864868164,1475,0,1516,0
1782398513.8903642,146,79,26,0,0.2965526580810547,1470,0,1512,0
1782398514.9008904,144,83,26,0,0.3196983337402344,1494,0,1523,0
1782398515.9100175,141,100,26,0,0.5167245864868164,1525,0,1547,0
1782398516.9183047,140,82,26,0,0.32808828353881836,1455,0,1515,0
1782398517.9281414,139,79,26,0,0.2898983955383301,1508,0,1559,0
1782398518.9372249,135,95,26,0,0.4655153751373291,1497,0,1595,0
1782398519.9470482,138,78,26,0,0.3399503231048584,1458,0,1549,0
1782398520.9552264,135,78,26,0,0.26328110694885254,1517,0,1536,0
1782398521.9636528,128,76,26,0,0.22335505485534668,1478,0,1534,0
1782398522.9719467,125,152,26,8,-0.18272027373313904,1522,0,1485,0
1782398523.980907,125,152,26,8,-0.18272027373313904,1570,0,1478,0
1782398524.9887257,136,153,26,8,-0.10089881718158722,1816,0,1573,0
1782398525.9980447,143,154,26,7,0.09944760799407959,1981,0,1777,0
1782398527.0069368,146,157,26,6,0.36304616928100586,1995,0,1816,0
1782398528.0175931,148,163,26,3,0.6233086585998535,1877,0,1694,0
1782398529.0277147,148,169,26,2,0.698021411895752,1901,0,1659,0
1782398530.0371766,154,198,26,1,0.7868795394897461,1739,0,1498,0
1782398531.047115,156,296,26,1,0.7173893451690674,1499,0,1280,0
1782398532.0578158,159,309,26,1,0.6588530540466309,1599,0,1401,0
1782398533.0666254,163,303,26,1,0.7075245380401611,1583,0,1417,0
1782398534.0765324,177,304,26,1,0.7044775485992432,1603,0,1397,0
1782398535.0854695,189,307,26,1,0.6473915576934814,1615,0,1385,0
1782398536.0960453,210,312,26,1,0.5690517425537109,1650,0,1350,0
1782398537.1046565,229,307,26,1,0.6625514030456543,1601,0,1449,0
1782398538.1146898,239,308,26,1,0.6188840866088867,1595,0,1449,0
1782398539.1249335,253,313,26,1,0.4574902057647705,1609,0,1416,0
1782398540.1344237,259,315,26,1,0.43442273139953613,1640,0,1442,0
1782398541.1458788,275,314,26,1,0.44051671028137207,1592,0,1496,0
1782398542.1551316,280,340,26,0,-0.08900260925292969,1565,0,1475,0
1782398543.1648839,281,352,26,0,-0.22428441047668457,1516,0,1362,0
1782398544.173479,291,10,26,0,-0.40018582344055176,1477,0,1397,0
1782398545.1846507,299,6,26,0,-0.3437521457672119,1508,0,1416,0
1782398546.194675,304,346,26,0,-0.17459654808044434,1586,0,1472,0
1782398547.2041438,310,340,26,0,-0.11337518692016602,1587,0,1494,0
1782398548.2145748,312,344,26,0,-0.13085699081420898,1527,0,1487,0
1782398549.223995,315,356,26,0,-0.20658540725708008,1524,0,1447,0
1782398550.2339776,317,17,26,0,-0.2884066104888916,1537,0,1432,0
1782398551.2426202,319,358,26,0,-0.2247915267944336,1570,0,1499,0
1782398552.2522702,320,353,26,0,-0.20056438446044922,1584,0,1512,0
1782398553.2641068,324,345,26,0,-0.13506388664245605,1564,0,1511,0
1782398554.2739537,326,85,26,0,-0.2566356658935547,1463,0,1405,0
1782398555.2821624,328,103,26,0,-0.30146312713623047,1528,0,1472,0
1782398556.2929115,332,73,26,0,-0.3124885559082031,1523,0,1477,0
1782398557.3014617,336,56,26,0,-0.23850154876708984,1496,0,1510,0
1782398558.3116782,337,100,26,0,-0.22261571884155273,1498,0,1457,0
1782398559.3205876,338,70,26,0,-0.22754836082458496,1518,0,1482,0
1782398560.3296542,339,107,26,0,-0.21470904350280762,1500,0,1450,0
1782398561.3388877,339,88,26,0,-0.2250816822052002,1522,0,1478,0
1782398562.347593,341,56,26,0,-0.23850154876708984,1550,0,1512,0
1782398563.356443,344,35,26,0,-0.22580718994140625,1517,0,1523,0
1782398564.3634539,346,104,26,0,-0.20440936088562012,1469,0,1464,0
1782398565.3723702,347,124,26,0,-0.17459630966186523,1498,0,1502,0
1782398566.3810933,348,114,26,0,-0.18010950088500977,1506,0,1494,0
1782398567.3917058,350,112,26,0,-0.20012950897216797,1507,0,1493,0
1782398568.3997614,352,108,26,0,-0.20136213302612305,1503,0,1497,0
1782398569.410252,353,133,26,0,-0.14724969863891602,1462,0,1458,0
