time,heading,target_bearing,nav_bearing,wp_dist,xtrack_error,servo1,servo2,servo3,servo4,x,y,distance
1782479800.6720068,127,128,128,1,0.0,1512,0,1488,0,-1.5407796414239785,0.9975005373767756,9.592782885496637
1782479801.1765535,127,122,240,1,-0.0119278030470013,1443,0,1557,0,-1.5407796414239785,0.9975005373767756,9.592782885496637
1782479801.6809287,127,122,240,1,0.0101205669343471,1447,0,1553,0,-1.5407796414239785,0.9975005373767756,9.592782885496637
1782479802.1856182,126,123,240,2,0.0404822528362274,1453,0,1547,0,-1.5407796414239785,0.9975005373767756,9.592782885496637
1782479802.68967,124,123,240,2,0.0545787513256073,1453,0,1547,0,-1.5407796414239785,0.9975005373767756,9.592782885496637
1782479803.1940656,120,123,240,2,0.0534944236278533,1486,0,1514,0,-1.5407796414239785,0.9975005373767756,9.592782885496637
1782479803.6983423,120,124,240,2,0.0693981647491455,1486,0,1514,0,-1.5407796414239785,0.9975005373767756,9.592782885496637
1782479804.2033608,120,124,240,2,0.0650607496500015,1509,0,1517,0,-1.5407796414239785,0.9975005373767756,9.592782885496637
1782479804.7076788,123,124,240,2,0.0650607496500015,1500,0,1581,0,-1.5407796414239785,0.9975005373767756,9.592782885496637
1782479805.2123158,125,123,240,2,0.0538558512926101,1519,0,1597,0,-1.5407796414239785,0.9975005373767756,9.592782885496637
1782479805.7168863,125,123,240,1,0.0491570234298706,1569,0,1612,0,-0.9091053483289928,0.6449377617438731,8.932418643578426
1782479806.221276,125,123,240,1,0.047711219638586,1630,0,1656,0,-0.630140881751674,0.439416830920034,8.641320430939786
1782479806.725433,125,124,240,2,0.0600004792213439,1668,0,1696,0,-0.4050833421311995,0.2524874115489889,8.408874828486988
1782479807.229735,125,124,240,2,0.06795234978199,1682,0,1704,0,-0.0098889258358998,0.0246992203905074,8.009927006890667
1782479807.734315,124,124,240,1,0.0701210275292396,1681,0,1699,0,-0.0098889258358998,0.0246992203905074,8.009927006890667
1782479808.2387483,124,124,240,1,0.0553016327321529,1681,0,1719,0,-0.0098889258358998,0.0246992203905074,8.009927006890667
1782479808.742475,125,124,240,1,0.0491570085287094,1681,0,1719,0,-0.0098889258358998,0.0246992203905074,8.009927006890667
1782479809.247096,125,124,240,1,0.0491570085287094,1670,0,1704,0,-0.0098889258358998,0.0246992203905074,8.009927006890667
1782479809.75208,125,123,240,0,0.0126506388187408,1591,0,1651,0,-0.0098889258358998,0.0246992203905074,8.009927006890667
1782479810.2571275,126,122,240,0,-0.0014458894729614,1576,0,1654,0,-0.0098889258358998,0.0246992203905074,8.009927006890667
1782479810.7611551,126,113,240,0,-0.0346990823745727,1533,0,1534,0,-0.0098889258358998,0.0246992203905074,8.009927006890667
1782479811.2654874,127,25,25,9,-0.0595998354256153,1490,0,1507,0,-0.0098889258358998,0.0246992203905074,8.009927006890667
1782479811.7696502,121,23,23,9,-0.5008122324943542,1244,0,1684,0,-0.0098889258358998,0.0246992203905074,8.009927006890667
1782479812.2740176,114,22,22,9,-0.547392725944519,1254,0,1682,0,-0.0098889258358998,0.0246992203905074,8.009927006890667
1782479812.7791114,89,23,23,9,-0.4808492064476013,1231,0,1769,0,0.4321597219868278,-0.2612969627052672,7.572349871488868
1782479813.2834165,81,23,23,9,-0.4675405025482178,1249,0,1751,0,0.4156698778392043,-0.0522598844915469,7.584510168589838
1782479813.787085,81,23,23,9,-0.4675405025482178,1249,0,1751,0,0.3902962420453913,0.6170765859638988,7.63468236384287
1782479814.291472,45,23,23,9,-0.4692764282226562,1288,0,1712,0,0.5115048830039028,1.4410504107976518,7.6258891549598635
1782479814.796959,37,23,23,9,-0.4643580019474029,1327,0,1673,0,0.5957554968356265,2.346226501380133,7.767085390184551
1782479815.3014507,14,23,23,9,-0.4710123240947723,1462,0,1579,0,0.7818616346118891,3.219037677973277,7.903399587145985
1782479815.8057382,10,23,23,9,-0.492421954870224,1512,0,1599,0,1.007175483187006,4.178937227772419,8.146355692983404
1782479816.3116405,6,22,23,9,-0.5320587754249573,1707,0,1629,0,1.2587360076379952,5.076312099069336,8.438814178655331
1782479816.8158505,5,22,23,9,-0.5222219228744507,1793,0,1635,0,1.5262221742087323,5.937079614656051,8.784003283723838
1782479817.3199873,8,26,23,8,0.0335608422756195,1924,0,1733,0,1.775164954703424,6.773632942822309,9.199493170019752
1782479817.824009,9,27,23,7,0.1634652912616729,1934,0,1755,0,2.0167294925081736,7.58177130441533,9.65830120043257
1782479818.327719,9,30,23,6,0.5274291634559631,1934,0,1755,0,2.293234970269321,8.335006855460144,10.101460606522435
1782479818.832347,12,30,23,6,0.5274291634559631,1948,0,1780,0,2.623382485064542,9.004492589807937,10.48755942542481
1782479819.336639,13,32,23,6,0.6373705863952637,1957,0,1781,0,2.881643410072786,9.57737878129698,10.859270624774437
1782479819.8405547,17,39,23,4,1.0091458559036257,1915,0,1729,0,3.100263302812103,9.94016477890836,11.082161140031308
1782479820.344541,18,42,23,3,1.1054896116256714,1895,0,1700,0,3.2422617321225435,10.109940818793955,11.17349438560479
1782479820.849256,19,57,23,2,1.374846339225769,1844,0,1580,0,3.3003260930481497,10.19792370831743,11.228739145262338
1782479821.3542645,20,65,23,2,1.4584593772888184,1823,0,1531,0,3.2531885514701013,10.231475976719482,11.278976885785447
1782479821.8590438,24,101,23,1,1.5964651107788086,1686,0,1383,0,3.0794434203013017,10.190194845873467,11.316004067288166
1782479822.3641138,26,117,23,1,1.5840239524841309,1618,0,1354,0,3.004625412843945,10.142327219213485,11.305775899406607
1782479822.8686252,26,117,23,1,1.5840239524841309,1618,0,1354,0,3.036514172491718,10.108306432288751,11.261174472004495
1782479823.3732948,32,148,23,1,1.576791763305664,1560,0,1215,0,3.187531215680324,10.088466643117291,11.177522758167017
1782479823.8767717,36,153,23,1,1.5574076175689695,1524,0,1211,0,3.2964698687184595,10.066769832324942,11.111392826863826
1782479824.3813975,43,158,23,2,1.5064873695373535,1537,0,1166,0,3.3628691908819803,10.05544014370026,11.073159378624071
1782479824.8857784,48,159,23,2,1.5061979293823242,1542,0,1179,0,3.520669795549531,9.944262827533144,10.906546761627155
1782479825.390376,64,155,23,2,1.670820951461792,1756,0,1310,0,3.6493265468706353,9.815636653430024,10.73662341744012
1782479825.8949928,70,152,23,2,1.726081132888794,1722,0,1366,0,3.702161058587072,9.743070627190166,10.648889369917464
1782479826.399789,94,152,23,2,1.6881797313690186,1713,0,1392,0,3.720317930242049,9.660107828771723,10.565669021964698
1782479826.905169,96,154,23,2,1.6016733646392822,1721,0,1357,0,3.756756780844273,9.577494951940082,10.475376965596457
1782479827.4113505,96,158,23,1,1.4272139072418213,1721,0,1357,0,3.836892108650321,9.310992931299996,10.199316481104823
1782479827.9159598,114,158,23,1,1.4272139072418213,1709,0,1419,0,3.918640653901324,9.063023504705807,9.939612123158375
1782479828.420445,121,160,23,1,1.3757147789001465,1697,0,1425,0,3.97828301837586,8.87798503668874,9.746426308753026
1782479828.9253857,137,166,23,1,1.054281234741211,1672,0,1415,0,3.993340767152608,8.792232926412826,9.662125958631417
1782479829.4302452,138,167,23,1,0.984844207763672,1675,0,1420,0,3.971004830735582,8.840244893527125,9.715077552520537
1782479829.935506,153,168,23,1,0.890815258026123,1587,0,1528,0,3.954523552344514,8.879803698822856,9.757909274950414
1782479830.442145,158,168,23,1,0.8627510070800781,1621,0,1492,0,3.9423423727609497,8.882771878674475,9.765665449341448
1782479830.9456787,162,169,23,1,0.6550195217132568,1554,0,1443,0,3.914467024035599,8.853404501650555,9.750607722985212
1782479831.4501314,163,171,23,0,0.5230898857116699,1557,0,1414,0,3.9034760324084,8.781179367908955,9.68971721509159
1782479831.9543755,164,176,23,0,0.2988672256469726,1530,0,1414,0,3.902059257757518,8.723034910840337,9.637658241640972
1782479832.459324,164,176,23,0,0.2774574756622314,1530,0,1414,0,3.933584343695056,8.653638439296778,9.561443119525249
1782479832.9636097,167,176,23,0,0.2774574756622314,1513,0,1445,0,3.9348294127096266,8.536495930823861,9.455018491824491
1782479833.4679685,172,174,23,0,0.350076675415039,1545,0,1471,0,3.905202491102272,8.484855422705747,9.421259904232246
1782479833.9722755,175,174,23,0,0.350076675415039,1527,0,1492,0,3.842636683110046,8.44942589175276,9.41681834001507
1782479834.476758,180,172,23,0,0.3651213645935058,1515,0,1504,0,3.782326350664622,8.476366347167067,9.46771131074899
1782479834.9814584,180,169,23,0,0.3801660537719726,1510,0,1502,0,3.762571586086489,8.5660440832842,9.556825351538546
1782479835.485883,183,167,23,0,0.3376362323760986,1498,0,1504,0,3.784136249911666,8.685882319824367,9.654949965336247
1782479835.9903822,182,168,23,0,0.3095717430114746,1537,0,1460,0,3.745124904500461,8.61752382003427,9.610706470762711
1782479836.495093,182,164,23,0,0.2224869728088379,1484,0,1479,0,3.748824274144441,8.40014768781244,9.414615033508499
1782479836.9995058,181,158,23,0,0.2276949882507324,1479,0,1484,0,3.7314073620389694,8.169094028088788,9.21710260052534
1782479837.5048065,181,158,23,0,0.2276949882507324,1479,0,1484,0,3.671534496124974,8.20335761885342,9.27527303323393
1782479838.009865,181,139,23,0,0.3061001300811767,1446,0,1527,0,3.651526862278764,8.35191206653566,9.416137944859724
1782479838.5143068,181,138,23,0,0.3425545692443847,1460,0,1534,0,3.642763062978039,8.469889455680692,9.524943103074133
1782479839.019353,180,153,23,0,0.419513463973999,1521,0,1542,0,3.6355457324695135,8.535058873106637,9.58622402308445
1782479839.524549,180,150,23,0,0.4461309909820556,1441,0,1601,0,3.639056130522644,8.43979302878748,9.499891462616922
1782479840.0292847,177,112,23,0,0.3069682121276855,1416,0,1491,0,3.672290709882224,8.280899748177879,9.343573638557366
1782479840.5338204,177,88,23,0,0.2612559795379638,1397,0,1502,0,3.7343135923350776,8.132310768645976,9.18316715335034
1782479841.0382905,175,90,23,0,0.3327176570892334,1449,0,1595,0,3.817661289810098,8.020846182088368,9.045768655204183
1782479841.5433695,174,104,23,0,0.3902921676635742,1449,0,1595,0,3.827853940639109,8.017434178016227,9.03803372086337
1782479842.0482402,174,104,23,0,0.3902921676635742,1491,0,1589,0,3.827853940639109,8.017434178016227,9.03803372086337
1782479842.5526097,170,129,23,0,0.4770879745483398,1530,0,1595,0,3.827853940639109,8.017434178016227,9.03803372086337
1782479843.0565648,169,129,23,0,0.4886610507965088,1501,0,1608,0,3.827853940639109,8.017434178016227,9.03803372086337
1782479843.5610714,164,100,23,0,0.3489193916320801,1471,0,1556,0,3.827853940639109,8.017434178016227,9.03803372086337
1782479844.0655217,164,88,23,0,0.2878732681274414,1462,0,1543,0,3.827853940639109,8.017434178016227,9.03803372086337
1782479844.5692136,163,51,23,0,0.1209354400634765,1480,0,1489,0,3.827853940639109,8.017434178016227,9.03803372086337
1782479845.0731723,161,152,23,9,-0.2476407289505005,1507,0,1493,0,3.827853940639109,8.017434178016227,9.03803372086337
1782479845.577379,156,152,23,8,-0.2337136566638946,1510,0,1564,0,3.827853940639109,8.017434178016227,9.03803372086337
1782479846.081747,153,152,23,8,-0.2646869122982025,1510,0,1564,0,3.827853940639109,8.017434178016227,9.03803372086337
1782479846.586385,153,152,23,8,-0.2646869122982025,1553,0,1626,0,6.088713304388743,4.027311461747155,4.457830687984976
1782479847.0905626,151,152,23,8,-0.2884790599346161,1726,0,1740,0,6.619282188927473,3.0797480123411662,3.375089553379625
1782479847.595551,151,152,23,8,-0.2728111743927002,1780,0,1792,0,7.028501787630047,2.306317323885283,2.502580343383882
1782479848.1007483,148,152,23,7,-0.1985336244106292,1962,0,1929,0,7.483851556306527,1.4450952037983325,1.5345062280643045
1782479848.605553,148,152,23,7,-0.1660372018814087,1971,0,1939,0,7.8738606736529695,0.7503751006604655,0.7609033587404425
1782479849.110619,149,153,23,6,-0.0731902122497558,1995,0,1975,0,8.224290760159372,0.124142192223183,0.25635449865927173
1782479849.6165135,150,153,23,5,-0.016394019126892,1993,0,1993,0,8.485825731977062,-0.3422849637375539,0.5942942354186744
1782479850.1220236,151,155,23,3,0.067603588104248,1876,0,1860,0,8.672426987575042,-0.679832074954436,0.9562058898354995
1782479850.6264706,152,155,23,3,0.0982141494750976,1844,0,1846,0,8.83347972800224,-0.99295347772808,1.2963969553817136
1782479851.1316528,152,157,23,2,0.1383273601531982,1844,0,1846,0,8.946276694322119,-1.211841630406819,1.5375303962537632
1782479851.636027,152,157,23,2,0.1383273601531982,1770,0,1770,0,9.03225882800952,-1.3515322947837358,1.700646298278092
1782479852.1419687,152,159,23,1,0.1647307872772216,1701,0,1700,0,9.082100223218127,-1.4394016865382413,1.8007826377155722
1782479852.6463938,150,195,23,0,0.2422728538513183,1593,0,1554,0,9.13717004164037,-1.4482550082995849,1.841357725339971
1782479853.1510468,150,265,23,0,0.2633090019226074,1557,0,1509,0,9.097606498488778,-1.3525589099687083,1.7418827832149144
1782479853.656313,151,315,23,1,0.3180742263793945,1443,0,1407,0,9.017230993084706,-1.244937409985433,1.6076778433732717
1782479854.1624138,152,318,23,1,0.3222084045410156,1407,0,1378,0,8.945039889604837,-1.1567082676382086,1.4936781478507708
1782479854.6671925,153,321,23,1,0.3311305046081543,1396,0,1353,0,8.89333622340519,-1.0540654397092593,1.3817031371598314
1782479855.1718946,154,322,23,1,0.3389644622802734,1405,0,1337,0,8.886389619932732,-0.9642520802591652,1.3097589979109214
1782479855.6756704,155,322,23,1,0.3813261985778808,1405,0,1337,0,8.882778118277798,-0.7892269074341536,1.184135261500209
1782479856.1802535,155,321,23,1,0.4110665321350097,1438,0,1307,0,8.859958067121173,-0.6440248226961824,1.0743816125826213
1782479856.6840868,156,321,23,1,0.4110665321350097,1558,0,1442,0,8.857369624504608,-0.5453834829580381,1.016132775038092
1782479857.18848,160,320,23,1,0.390538215637207,1520,0,1480,0,8.856154648375773,-0.5432151274867603,1.0139445037406634
1782479857.691953,162,320,23,1,0.3747978210449219,1516,0,1484,0,8.832335066133595,-0.6785562035230605,1.0738808982635109
1782479858.1956656,166,320,23,1,0.3499903678894043,1530,0,1470,0,8.790286959808235,-0.7160791491022198,1.0664533869897463
1782479858.7009778,167,319,23,1,0.3609433174133301,1534,0,1466,0,8.782551598492363,-0.6401811502072056,1.0110484208897086
1782479859.205199,173,312,23,1,0.4532828330993652,1568,0,1432,0,8.81303358025006,-0.5602734620326162,0.9873854135403484
1782479859.709312,173,309,23,1,0.4903490543365478,1564,0,1436,0,8.866433448852243,-0.4562127947585246,0.9792022443761944
1782479860.2135754,173,303,23,1,0.548088550567627,1564,0,1436,0,8.875933831784437,-0.379303773159266,0.9545320476534153
1782479860.7192614,181,303,23,1,0.548088550567627,1549,0,1451,0,8.886438174528417,-0.2747410514492298,0.9280384057853963
1782479861.2255478,182,303,23,1,0.5432283878326416,1576,0,1424,0,8.87977830765247,-0.2103502279931329,0.9045756403046725
1782479861.7297564,185,312,23,1,0.4187550544738769,1547,0,1453,0,8.826295917498436,-0.2710332870527042,0.8696113993992812
1782479862.2346437,186,312,23,1,0.4084553718566894,1551,0,1449,0,8.763054177323234,-0.309242697432292,0.823336336769875
1782479862.739509,196,306,23,1,0.480121374130249,1561,0,1439,0,8.777710227441602,-0.3336816601877102,0.8462722069245187
1782479863.2443771,199,302,23,1,0.537787914276123,1568,0,1432,0,8.83618239518073,-0.2755602928198687,0.8804172152957677
1782479863.749061,204,294,23,0,0.6276612281799316,1560,0,1458,0,8.910104765919023,-0.1193325388048906,0.9178948413441161
1782479864.253834,208,291,23,0,0.6586344242095947,1559,0,1485,0,8.824766637268482,-0.0256953167687418,0.8251668045037958
1782479864.7581434,217,287,23,0,0.6641473770141602,1559,0,1485,0,8.69136524646308,-0.0492878115895313,0.6931198975561451
1782479865.2630537,217,291,23,0,0.6082940101623535,1558,0,1467,0,8.570627112407095,-0.1193144960997969,0.5829676237953597
1782479865.768029,220,291,23,0,0.6082940101623535,1583,0,1427,0,8.438675412895533,-0.1791769874326539,0.47385705724881594
1782479866.2728486,217,294,23,0,0.5451867580413818,1626,0,1391,0,8.378066673143136,-0.2224855077891369,0.4386732388893916
1782479866.777424,216,295,23,0,0.5554869174957275,1628,0,1397,0,8.30957162959741,-0.2183667706081733,0.3788385412777309
1782479867.2825525,226,281,23,0,0.7515547275543213,1608,0,1526,0,8.263000537332264,-0.2554114614524235,0.3666119164434271
1782479867.7870991,228,276,23,0,0.7722270488739014,1573,0,1551,0,8.244027806820977,-0.2711537403516504,0.3647929843192525
1782479868.2923236,235,279,23,0,0.5720255374908447,1587,0,1476,0,8.204274582702082,-0.2407657662458607,0.31574714461743936
1782479868.7971485,236,282,23,0,0.5022451877593994,1576,0,1468,0,8.186345365574843,-0.1915468806771502,0.2672354818664021
1782479869.3011656,240,299,23,0,0.2583034038543701,1536,0,1468,0,8.160061329207615,-0.1608563844129969,0.2269237878983388
1782479869.8053365,240,305,23,0,0.2237040996551513,1536,0,1468,0,8.118124678290513,-0.1653359928743599,0.20319800727612386
1782479870.3091717,242,305,23,0,0.2237040996551513,1556,0,1448,0,8.081734117827683,-0.1794756766078034,0.1972105081148019
1782479870.8130324,243,311,23,0,0.158782958984375,1564,0,1420,0,8.031410898143122,-0.1800166376106451,0.1827365161613844
1782479871.317134,245,316,23,0,0.1223700046539306,1524,0,1457,0,8.087057818581027,-0.1913806842397145,0.210251349760586
1782479871.821822,247,321,23,0,0.0805156230926513,1520,0,1458,0,8.188796869933544,-0.1908532838928623,0.2684571363726302
1782479872.3261745,248,321,23,0,0.0768890380859375,1513,0,1468,0,8.287440810345366,-0.2130423688421328,0.35778383190673674
1782479872.8304827,254,319,23,0,0.0678222179412841,1500,0,1474,0,8.322992228723857,-0.2012492690557017,0.38055912564469996
1782479873.3343272,256,324,23,0,0.0411286354064941,1509,0,1458,0,8.291350617870282,-0.1395520885171417,0.3230479344352654
1782479873.8378592,259,340,23,0,-0.0286521911621093,1502,0,1443,0,8.209708582758353,-0.0563969686717395,0.2171596365761327
1782479874.3425467,260,347,23,0,-0.0553457736968994,1496,0,1451,0,8.063562621258678,-0.0436661283813175,0.0771163898862478
1782479874.8469734,260,322,23,0,0.0581018924713134,1496,0,1451,0,7.978991783522691,-0.036152696666708,0.04181342650193215
1782479875.3526535,260,322,23,0,0.0581018924713134,1555,0,1455,0,7.909091040050501,-0.0381684614207591,0.09859650321551788
1782479875.8562987,263,316,23,0,0.0999557971954345,1556,0,1466,0,7.940820883189776,-0.0519034529565833,0.07871554036690846
