time,heading,target_bearing,nav_bearing,wp_dist,xtrack_error,servo1,servo2,servo3,servo4,x,y,x_target,y_target,distance
1782480483.420032,315,-40,-40,1,0.0,1525,0,1475,0,6.655672582644135,1.240262646369031,0.0,0.0,1.8290619554933076
1782480483.9244304,317,259,152,6,0.0,1529,0,1471,0,6.655672582644135,1.240262646369031,0.0,0.0,1.8290619554933076
1782480484.428764,318,259,152,6,-0.0083156432956457,1554,0,1446,0,6.655672582644135,1.240262646369031,0.0,0.0,1.8290619554933076
1782480484.9323423,319,259,152,6,-0.0056769093498587,1541,0,1459,0,6.655672582644135,1.240262646369031,0.0,0.0,1.8290619554933076
1782480485.4363194,321,259,152,6,-0.0411787778139114,1507,0,1493,0,6.655672582644135,1.240262646369031,0.0,0.0,1.8290619554933076
1782480485.9404998,324,259,152,6,-0.0644069090485572,1507,0,1493,0,6.655672582644135,1.240262646369031,0.0,0.0,1.8290619554933076
1782480486.4440525,324,259,152,6,-0.0644069090485572,1476,0,1524,0,6.655672582644135,1.240262646369031,0.0,0.0,1.8290619554933076
1782480486.9482114,325,259,152,6,-0.074041910469532,1425,0,1575,0,6.655672582644135,1.240262646369031,0.0,0.0,1.8290619554933076
1782480487.4526694,324,259,152,6,-0.074041910469532,1360,0,1640,0,6.655672582644135,1.240262646369031,0.0,0.0,1.8290619554933076
1782480487.9564066,321,258,152,6,-0.1082244142889976,1304,0,1696,0,6.655672582644135,1.240262646369031,0.0,0.0,1.8290619554933076
1782480488.4607606,313,258,152,6,-0.1314525455236435,1299,0,1726,0,4.641612454479794,1.382028663236846,0.0,0.0,3.6316346363467593
1782480488.967706,306,259,152,6,-0.0674450770020484,1356,0,1810,0,3.855712325154199,1.3542935156632614,0.0,0.0,4.359957712919516
1782480489.471845,299,259,152,6,0.0171517748385667,1391,0,1872,0,3.0064922869105253,1.2687719524948031,0.0,0.0,5.152174448533508
1782480489.9758756,292,260,152,6,0.0285055916756391,1460,0,1860,0,2.11229051965154,1.1353696156187676,0.0,0.0,5.996181042051303
1782480490.4804022,279,259,152,6,-0.0088361296802759,1533,0,1860,0,1.2592549121873622,0.9815926924271002,0.0,0.0,6.811840320551891
1782480490.9840631,273,257,152,6,-0.2462374866008758,1558,0,1958,0,0.4949079383649179,0.82937027918108,0.0,0.0,7.550778894498689
1782480491.4893968,273,256,152,5,-0.3586620688438415,1558,0,1958,0,-0.1241728415177134,0.6962364215540168,0.0,0.0,8.15395177282478
1782480491.9958918,272,256,152,5,-0.3586620688438415,1616,0,1960,0,-0.618074660054832,0.5854030673906016,0.0,0.0,8.637934220494477
1782480492.5009482,267,252,152,4,-0.5900717973709106,1668,0,1958,0,-1.0945936261376177,0.4453971825503388,0.0,0.0,9.105493499794877
1782480493.0064113,265,250,152,4,-0.6429675221443176,1662,0,1934,0,-1.425636479933933,0.3143954066816535,0.0,0.0,9.430878406787137
1782480493.5119002,262,242,152,2,-0.7338102459907532,1579,0,1849,0,-1.6459700874803855,0.2218392964029991,0.0,0.0,9.648520695007859
1782480494.0170426,261,238,152,2,-0.7415690422058105,1544,0,1813,0,-1.7040797569555872,0.175700376893193,0.0,0.0,9.705670226820793
1782480494.5237966,258,206,152,0,-0.7078344821929932,1421,0,1696,0,-1.658691667629138,0.191068956242048,0.0,0.0,9.660581352919086
1782480495.030292,257,181,152,0,-0.6874872446060181,1376,0,1656,0,-1.62363670927366,0.2068146326062648,0.0,0.0,9.62585870477744
1782480495.5352738,254,132,152,0,-0.6681807041168213,1289,0,1590,0,-1.5939229927317162,0.2531449586551409,0.0,0.0,9.597262149204782
1782480496.0396757,252,118,152,1,-0.6416361331939697,1253,0,1555,0,-1.5645938199543956,0.2538778005478694,0.0,0.0,9.567962629437933
1782480496.543853,252,118,152,1,-0.6416361331939697,1253,0,1555,0,-1.511146485510568,0.2482131003947733,0.0,0.0,9.514384752155424
1782480497.0477057,246,99,152,1,-0.5075085759162903,1175,0,1463,0,-1.49205935234282,0.2768588180725496,0.0,0.0,9.49609612175147
1782480497.5525346,244,96,152,1,-0.4738465547561645,1166,0,1473,0,-1.508853346004423,0.3612767498372711,0.0,0.0,9.515713995586065
1782480498.0571697,234,95,152,1,-0.4519377946853637,1370,0,1630,0,-1.5737890135393302,0.4990644785390373,0.0,0.0,9.586787857750155
1782480498.5618813,228,95,152,1,-0.4466605186462402,1384,0,1616,0,-1.628096439327502,0.6187061716617485,0.0,0.0,9.647955139398361
1782480499.065653,216,98,152,1,-0.4961548447608948,1370,0,1630,0,-1.635837144836045,0.5340725917500193,0.0,0.0,9.650626457130162
1782480499.570303,210,99,152,1,-0.5127860903739929,1376,0,1624,0,-1.4680767413562377,0.3054255807426136,0.0,0.0,9.473001739975716
1782480500.074045,191,98,152,1,-0.4899573922157287,1391,0,1609,0,-1.2906242713461955,-0.0044831099462226,0.0,0.0,9.290625352988991
1782480500.578274,186,99,152,1,-0.5105467438697815,1391,0,1609,0,-1.2604613838735437,-0.0929675733206019,0.0,0.0,9.260928031893036
1782480501.0827098,186,99,152,1,-0.5105467438697815,1394,0,1618,0,-1.2783607341979648,-0.0033257623614531,0.0,0.0,9.278361330245868
1782480501.5875702,173,105,152,1,-0.6705049872398376,1415,0,1707,0,-1.2346884892546222,0.0265429475722988,0.0,0.0,9.234726634916578
1782480502.0920925,170,107,152,1,-0.7551017999649048,1420,0,1741,0,-1.2394002097668255,0.0182601841236965,0.0,0.0,9.239418253903407
1782480502.5965486,153,110,152,1,-0.8629268407821655,1465,0,1721,0,-1.0650259491009504,-0.0565002750743127,0.0,0.0,9.065202024166757
1782480503.1014998,147,106,152,1,-0.72883540391922,1434,0,1712,0,-0.8986044932107313,-0.1371406173939473,0.0,0.0,8.899661200041798
1782480503.6054423,144,88,152,1,-0.1967067718505859,1366,0,1665,0,-0.6811813395757319,-0.2056360060968437,0.0,0.0,8.683616505673276
1782480504.1096704,141,84,152,1,-0.113429307937622,1376,0,1687,0,-0.5259859443716299,-0.2280185320264603,0.0,0.0,8.529034457344519
1782480504.6134624,135,90,152,1,-0.224292516708374,1491,0,1643,0,-0.5003960888060579,-0.1840117673445538,0.0,0.0,8.502387546866503
1782480505.1175566,126,90,152,1,-0.2299693822860717,1520,0,1629,0,-0.391126545154887,-0.167336632675281,0.0,0.0,8.392794900713234
1782480505.6216564,126,90,152,1,-0.2299693822860717,1520,0,1629,0,-0.2196444405741776,-0.1764921792624611,0.0,0.0,8.221539041980083
1782480506.1256225,116,87,152,1,-0.1554069519042968,1468,0,1640,0,-0.0386449632036237,-0.1941490774935987,0.0,0.0,8.040989162331373
1782480506.6302366,112,84,152,1,-0.0795252323150634,1456,0,1632,0,-0.0207359916412857,-0.1972791141991297,4.0,8.0,8.02316177678782
1782480507.1343744,108,76,152,0,0.0476906299591064,1412,0,1624,0,-0.0207359916412857,-0.1972791141991297,4.0,8.0,8.02316177678782
1782480507.639145,107,70,152,0,0.1165761947631836,1403,0,1602,0,-0.0207359916412857,-0.1972791141991297,4.0,8.0,8.02316177678782
1782480508.1427848,104,68,152,0,0.108781099319458,1462,0,1573,0,-0.0207359916412857,-0.1972791141991297,4.0,8.0,8.02316177678782
1782480508.646552,99,66,152,0,0.1166971921920776,1474,0,1541,0,-0.0207359916412857,-0.1972791141991297,4.0,8.0,8.02316177678782
1782480509.150647,92,42,152,0,0.1641944646835327,1387,0,1546,0,-0.0207359916412857,-0.1972791141991297,4.0,8.0,8.02316177678782
1782480509.6551764,92,19,152,0,0.1949392557144165,1371,0,1538,0,-0.0207359916412857,-0.1972791141991297,4.0,8.0,8.02316177678782
1782480510.161083,92,25,25,9,-0.0899783447384834,1371,0,1538,0,-0.0207359916412857,-0.1972791141991297,4.0,8.0,8.02316177678782
1782480510.6654582,88,25,25,9,-0.0899783447384834,1330,0,1670,0,-0.0207359916412857,-0.1972791141991297,4.0,8.0,8.02316177678782
1782480511.171527,84,26,26,9,-0.0185163915157318,1235,0,1765,0,-0.0207359916412857,-0.1972791141991297,4.0,8.0,8.02316177678782
1782480511.6762378,55,27,27,9,0.1773529946804046,1265,0,1735,0,-0.1376913532862106,0.8663238427751676,4.0,8.0,8.183675064536098
1782480512.1808963,46,27,27,9,0.180824801325798,1304,0,1696,0,0.0156588680359303,1.4527453384801765,4.0,8.0,8.115428043550702
1782480512.6848812,21,27,27,9,0.1955800950527191,1514,0,1503,0,0.1667196237803668,2.20962914142882,4.0,8.0,8.138964454715296
1782480513.189005,14,27,27,9,0.2204616069793701,1546,0,1513,0,0.3849496227066203,2.933663451257577,4.0,8.0,8.160598844077594
1782480513.6933796,11,27,27,9,0.2103353887796402,1705,0,1619,0,0.6686937666664494,3.758127656786753,4.0,8.0,8.238420635754213
1782480514.1974652,11,27,27,9,0.2230654507875442,1781,0,1631,0,0.9738844939833444,4.610848393801351,4.0,8.0,8.403940862149625
1782480514.7015784,12,28,27,8,0.3468941450119018,1781,0,1631,0,1.3079644155322725,5.556601329976601,4.0,8.0,8.69822732538533
1782480515.2045872,12,29,27,8,0.4313753843307495,1874,0,1704,0,1.6784934745412825,6.601541260717604,4.0,8.0,9.140119899015227
1782480515.7093134,13,29,27,8,0.4313753843307495,1921,0,1748,0,2.0779391585469678,7.507226207419511,4.0,8.0,9.561864354781326
1782480516.2142365,16,31,27,7,0.6686172485351562,2000,0,1858,0,2.395570669053222,8.294886513299504,4.0,8.0,10.010732760097762
1782480516.7186348,18,32,27,7,0.8135663270950317,1999,0,1883,0,2.730398030202596,8.97763502507278,4.0,8.0,10.409929661794369
1782480517.223171,20,36,27,5,0.9995986223220824,1994,0,1879,0,3.0361304270741085,9.55242375278119,4.0,8.0,10.765166078129855
1782480517.727414,20,38,27,5,1.0644060373306274,1981,0,1856,0,3.2704418676034206,9.964786902644567,4.0,8.0,11.030217502063834
1782480518.2310302,21,46,27,3,1.25882887840271,1913,0,1745,0,3.4677287187148407,10.326630696671028,4.0,8.0,11.277445832837797
1782480518.7364583,22,51,27,3,1.3300015926361084,1877,0,1691,0,3.495446784649329,10.475583370911885,4.0,8.0,11.403019189269642
1782480519.2419624,24,77,27,1,1.4231624603271484,1751,0,1498,0,3.4912731409817592,10.48642372772889,4.0,8.0,11.414626603034721
1782480519.7462566,26,94,27,1,1.4599063396453855,1751,0,1498,0,3.60048823881054,10.55827251762349,4.0,8.0,11.438217618722238
1782480520.2518404,26,94,27,1,1.4599063396453855,1701,0,1449,0,3.801850450236255,10.64190562311226,4.0,8.0,11.440044358891702
1782480520.7563324,30,140,27,1,1.4460186958312988,1571,0,1294,0,4.054840920722951,10.692989725701528,4.0,8.0,11.397557169620189
1782480521.2611797,31,150,27,1,1.434157371520996,1546,0,1240,0,4.1947125409973935,10.701039773738817,4.0,8.0,11.357484971805274
1782480521.765348,34,162,27,2,1.404646635055542,1491,0,1162,0,4.246159819998416,10.718484171104851,4.0,8.0,11.356813770737794
1782480522.2695198,37,166,27,2,1.4069616794586182,1507,0,1145,0,4.240623470693111,10.738648345627226,4.0,8.0,11.377674638525479
1782480522.7730732,50,166,27,2,1.4578819274902344,1659,0,1341,0,4.22193456516916,10.735658869871628,4.0,8.0,11.381043440744655
1782480523.2776878,58,167,27,2,1.4277925491333008,1666,0,1334,0,4.324155876170098,10.61898948561105,4.0,8.0,11.237204622067395
1782480523.7824223,72,177,27,2,1.159015417098999,1666,0,1334,0,4.368590699303658,10.552671569687638,4.0,8.0,11.16001840351877
1782480524.286723,72,181,27,2,1.0158021450042725,1710,0,1290,0,4.382917094049882,10.493064621060384,4.0,8.0,11.09899517480144
1782480524.7908936,78,181,27,2,1.0158021450042725,1679,0,1321,0,4.443951251967524,10.308425557218785,4.0,8.0,10.904545848732296
1782480525.29541,91,184,27,2,0.876060962677002,1687,0,1313,0,4.508688734920993,10.092368327075574,4.0,8.0,10.679192516245122
1782480525.8015227,95,185,27,2,0.8659346103668213,1720,0,1280,0,4.572395468307165,9.850209698912655,4.0,8.0,10.42953037956332
1782480526.306497,120,184,27,2,0.9038352966308594,1708,0,1390,0,4.583565628571568,9.71605674395245,4.0,8.0,10.299212710978518
1782480526.8123372,129,185,27,2,0.8890800476074219,1691,0,1411,0,4.544049554393302,9.614679401515223,4.0,8.0,10.21692974804125
1782480527.3179858,144,188,27,2,0.6955254077911377,1744,0,1386,0,4.504836121215987,9.432021462394284,4.0,8.0,10.05878717374132
1782480527.8210645,145,188,27,2,0.6906068325042725,1733,0,1410,0,4.456829512741567,9.24325830665596,4.0,8.0,9.899084868074603
1782480528.3250256,168,192,27,2,0.4877934455871582,1686,0,1426,0,4.41500824859865,9.033403016736589,4.0,8.0,9.71877234636152
1782480528.829894,168,194,27,1,0.4004192352294922,1686,0,1426,0,4.401817064416411,8.929885073729533,4.0,8.0,9.627552537791857
1782480529.3335528,166,194,27,1,0.4004192352294922,1703,0,1377,0,4.401050077239415,8.946837733645449,4.0,8.0,9.643565003603202
1782480529.8377907,172,199,27,1,0.2059965133666992,1630,0,1414,0,4.362993526551658,8.940700210342547,4.0,8.0,9.652146721798442
1782480530.3428435,178,200,27,1,0.1599946022033691,1612,0,1447,0,4.363075580506471,8.932041052751838,4.0,8.0,9.644095426796259
1782480530.848138,186,200,27,1,0.1264338493347168,1574,0,1450,0,4.374092775280691,8.878202340171388,4.0,8.0,9.590082376877499
1782480531.3519466,192,201,27,1,0.0989484786987304,1536,0,1469,0,4.371699058616135,8.868841814209365,4.0,8.0,9.582323457633617
1782480531.8564107,196,205,27,0,0.0193850994110107,1549,0,1401,0,4.323837994859908,8.871849310336064,4.0,8.0,9.603326365033425
1782480532.360501,199,207,27,0,-0.009836196899414,1530,0,1418,0,4.195693821803282,8.756023579280964,4.0,8.0,9.546763557268502
1782480532.8650787,203,207,27,0,-0.0147545337677001,1534,0,1464,0,4.104756854560854,8.65782645897,4.0,8.0,9.493728359065877
1782480533.3690157,206,205,27,0,0.0118629932403564,1511,0,1486,0,4.115607908457266,8.65104227276865,4.0,8.0,9.483092023494759
1782480533.872095,206,206,27,0,-0.0028927326202392,1511,0,1486,0,4.206924436783416,8.737799284735521,4.0,8.0,9.525573923317975
1782480534.375483,211,206,27,0,-0.0028927326202392,1570,0,1439,0,4.277956562776422,8.839333374575077,4.0,8.0,9.591007343103014
1782480534.881003,211,207,27,0,-0.0127294063568115,1558,0,1453,0,4.190362001864093,8.81549579818598,4.0,8.0,9.603452912607821
1782480535.3856184,217,204,27,0,0.02227783203125,1493,0,1525,0,4.0823114896445984,8.683273870981607,4.0,8.0,9.52614971447765
1782480535.889951,219,200,27,0,0.0674118995666503,1472,0,1509,0,4.0015724899499805,8.562969011608264,4.0,8.0,9.45049526992571
1782480536.3945968,220,188,27,0,0.1417667865753173,1480,0,1482,0,3.963375589123584,8.524308960747222,4.0,8.0,9.43176441037194
1782480536.898654,219,190,27,0,0.128458023071289,1497,0,1488,0,3.979752944011989,8.614184613074604,4.0,8.0,9.506132911931726
1782480537.4036946,221,198,27,0,0.0781166553497314,1515,0,1534,0,3.9601860343269135,8.64168094651785,4.0,8.0,9.53932631052408
1782480537.90829,221,201,27,0,0.0494740009307861,1532,0,1545,0,3.925619268147801,8.652831668696544,4.0,8.0,9.564103420336183
1782480538.412951,221,189,27,0,0.1562330722808838,1532,0,1545,0,3.938773104867876,8.664503457662857,4.0,8.0,9.56907435761663
1782480538.9167736,218,189,27,0,0.1562330722808838,1495,0,1500,0,3.9231071640814097,8.663148812031233,4.0,8.0,9.574507952629341
1782480539.4214134,216,184,27,0,0.168384313583374,1490,0,1491,0,3.912241803088629,8.60710819452316,4.0,8.0,9.528487736710577
1782480539.926207,215,171,27,0,0.1941335201263427,1473,0,1515,0,3.8530384202601264,8.482623613538106,4.0,8.0,9.442043937241179
1782480540.430117,214,173,27,0,0.2071530818939209,1475,0,1547,0,3.787795148283507,8.394791648952445,4.0,8.0,9.392294530206431
1782480540.9339125,214,175,27,0,0.2300095558166504,1469,0,1559,0,3.745173697041598,8.355158467547756,4.0,8.0,9.376151656526341
1782480541.438684,214,172,27,0,0.2499725818634033,1469,0,1553,0,3.727131761066063,8.347790920795003,4.0,8.0,9.377793783433175
1782480541.9422257,211,170,27,0,0.2797725200653076,1502,0,1546,0,3.722839014881139,8.3709894378991,4.0,8.0,9.400402664888416
1782480542.446643,209,170,27,0,0.2797725200653076,1485,0,1564,0,3.7191891091561775,8.411528943622613,4.0,8.0,9.438175726938338
1782480542.951043,203,163,27,0,0.2719604969024658,1485,0,1564,0,3.731765322704693,8.443652373449575,4.0,8.0,9.461135907708272
1782480543.456612,203,155,27,0,0.275721788406372,1473,0,1544,0,3.74223601657988,8.437366539853798,4.0,8.0,9.45080463592143
1782480543.9614177,203,155,27,0,0.275721788406372,1459,0,1533,0,3.7503870476748937,8.382403660345926,4.0,8.0,9.398079663928694
1782480544.4661863,200,126,27,0,0.309861421585083,1442,0,1539,0,3.7426262994113375,8.326079328873368,4.0,8.0,9.351407798676966
1782480544.970534,198,122,27,0,0.3249058723449707,1451,0,1528,0,3.737818402972096,8.279731170170221,4.0,8.0,9.312364909964154
1782480545.4744842,194,119,27,0,0.3332962989807129,1462,0,1540,0,3.7407051573202144,8.157783547348002,4.0,8.0,9.202772677962896
1782480545.9793615,193,122,27,0,0.3431332111358642,1463,0,1549,0,3.743388100742609,8.063661358108554,4.0,8.0,9.118189478133953
1782480546.483725,188,130,27,0,0.3610708713531494,1496,0,1536,0,3.7565125220434736,8.040660629235656,4.0,8.0,9.091722022263669
1782480546.9899278,186,129,27,0,0.3494982719421386,1495,0,1532,0,3.7683180283818425,8.132196002133245,4.0,8.0,9.16731935333498
1782480547.4942908,184,123,27,0,0.3182516098022461,1480,0,1525,0,3.740444270887144,8.24600981733397,4.0,8.0,9.281190274796998
1782480547.9981985,183,116,27,0,0.2985780239105224,1480,0,1525,0,3.6678157994364544,8.304630904373028,4.0,8.0,9.366681077387016
1782480548.5023432,183,116,27,0,0.2985780239105224,1470,0,1530,0,3.642324504254329,8.326074926225624,4.0,8.0,9.397492186926538
1782480549.0058076,179,96,27,0,0.2609663009643554,1463,0,1500,0,3.6754796482621455,8.308291813216416,4.0,8.0,9.3663861294607
1782480549.509406,178,80,27,0,0.2265374660491943,1445,0,1499,0,3.723952155556189,8.222863567347979,4.0,8.0,9.268229087327919
1782480550.013273,178,59,27,0,0.170698881149292,1474,0,1526,0,3.760816704570168,8.136935231693434,4.0,8.0,9.174987192199518
1782480550.5171795,177,62,27,0,0.1672267913818359,1485,0,1515,0,3.788061415375316,8.04840762540046,4.0,8.0,9.083902902676494
1782480551.0206811,172,100,27,0,0.2841122150421142,1475,0,1570,0,3.757967598182385,8.062554353048363,4.0,8.0,9.110412811389484
1782480551.5252457,171,104,27,0,0.3387930393218994,1465,0,1589,0,3.759797642981209,8.064262759704786,4.0,8.0,9.111072927269825
1782480552.0296323,167,105,27,0,0.3636746406555176,1465,0,1589,0,3.793107957736988,7.997073962874702,4.0,8.0,9.036101627524136
1782480552.5340612,167,104,27,0,0.3387930393218994,1511,0,1540,0,3.795808366513589,7.990627973644494,4.0,8.0,9.029139643635325
1782480553.038926,165,104,27,0,0.3387930393218994,1508,0,1528,0,3.7695241518034286,8.052142581741975,4.0,8.0,9.09581915271389
1782480553.543172,160,75,27,0,0.2033920288085937,1476,0,1515,0,3.6749894853584095,8.204977695585606,4.0,8.0,9.275094335736839
1782480554.0464876,159,65,27,0,0.1704094409942627,1469,0,1509,0,3.6364633154009383,8.275743447556142,4.0,8.0,9.355660426052786
1782480554.5504053,157,62,27,0,0.175616979598999,1459,0,1541,0,3.6951365232421214,8.164537277461548,4.0,8.0,9.22992516267511
1782480555.0549874,156,63,27,0,0.1805355548858642,1474,0,1526,0,3.665763404603509,8.147401868947172,4.0,8.0,9.228529898038909
1782480555.5597866,152,47,27,0,0.1128351688385009,1478,0,1522,0,3.66498808614196,8.082598300886406,4.0,8.0,9.171735036882769
1782480556.064289,153,44,27,0,0.0946075916290283,1462,0,1538,0,3.699420439273676,8.023784528511735,4.0,8.0,9.103631292957843
1782480556.5704703,151,62,27,0,0.1738812923431396,1504,0,1534,0,3.739864921475633,8.019688807481533,4.0,8.0,9.080977890960774
1782480557.075544,149,84,27,0,0.2713823318481445,1504,0,1534,0,3.837318631720856,7.959167432962439,4.0,8.0,8.981996570904947
1782480557.580282,149,84,27,0,0.2713823318481445,1531,0,1550,0,3.837318631720856,7.959167432962439,8.0,0.0,8.981996570904947
1782480558.0849948,150,91,27,0,0.3176729679107666,1497,0,1530,0,3.837318631720856,7.959167432962439,8.0,0.0,8.981996570904947
1782480558.5893006,149,80,27,0,0.261545181274414,1496,0,1525,0,3.837318631720856,7.959167432962439,8.0,0.0,8.981996570904947
1782480559.0932825,150,75,27,0,0.2817974090576172,1477,0,1538,0,3.837318631720856,7.959167432962439,8.0,0.0,8.981996570904947
1782480559.597648,150,61,27,0,0.2140965461730957,1483,0,1511,0,3.837318631720856,7.959167432962439,8.0,0.0,8.981996570904947
1782480560.102013,149,52,27,0,0.1443707942962646,1458,0,1520,0,3.837318631720856,7.959167432962439,8.0,0.0,8.981996570904947
1782480560.606391,148,37,27,0,0.0581533908843994,1465,0,1492,0,3.837318631720856,7.959167432962439,8.0,0.0,8.981996570904947
1782480561.1105363,143,152,27,8,-0.2640340328216553,1526,0,1539,0,3.837318631720856,7.959167432962439,8.0,0.0,8.981996570904947
1782480561.6144817,144,152,27,9,-0.2846344709396362,1543,0,1594,0,3.837318631720856,7.959167432962439,8.0,0.0,8.981996570904947
1782480562.11879,144,151,27,9,-0.3526014685630798,1543,0,1594,0,6.403694443298257,4.088581967368537,8.0,0.0,4.3891564034843915
1782480562.623789,145,151,27,9,-0.3526014685630798,1749,0,1680,0,6.928368451324912,3.277017724579045,8.0,0.0,3.447787601248225
1782480563.129289,145,151,27,8,-0.3380941450595855,1791,0,1725,0,7.257737665238546,2.7334170966007405,8.0,0.0,2.832405761467581
1782480563.635075,146,152,27,8,-0.1983884871006012,1924,0,1839,0,7.690879593376298,2.011453031706601,8.0,0.0,2.0350672530786
1782480564.1394296,146,153,27,7,-0.1360794603824615,1985,0,1894,0,7.921651921968321,1.5394208126139493,8.0,0.0,1.541413266985934
1782480564.643779,146,154,27,6,0.0737694501876831,1975,0,1879,0,8.106041045686363,1.1618303076812653,8.0,0.0,1.1666594906899788
1782480565.1478565,146,155,27,5,0.1486998796463012,1962,0,1870,0,8.390593877773783,0.6364885452669253,8.0,0.0,0.7467805873282782
1782480565.6527412,146,160,27,3,0.4237596988677978,1886,0,1756,0,8.585363015774517,0.2566406755693179,8.0,0.0,0.6391512313946623
1782480566.157859,147,162,27,3,0.4793229103088379,1890,0,1793,0,8.768091867982715,-0.2057648094038457,8.0,0.0,0.7951756249094772
1782480566.6620448,147,166,27,2,0.5523672103881836,1890,0,1793,0,8.873146324636794,-0.5305638403694691,8.0,0.0,1.021705678233385
1782480567.1660247,149,170,27,2,0.6012575626373291,1866,0,1752,0,8.875323894206563,-0.6225662175397967,8.0,0.0,1.0741418039489719
1782480567.67024,151,170,27,2,0.6012575626373291,1807,0,1705,0,8.864004063645334,-0.6743899062284053,8.0,0.0,1.0960404954281604
1782480568.173672,152,182,27,1,0.605609655380249,1785,0,1658,0,8.848249099417632,-0.78226958651882,8.0,0.0,1.1538943801991366
1782480568.677471,154,191,27,1,0.6291115283966064,1748,0,1588,0,8.871377735295301,-1.0670201547860303,8.0,0.0,1.3776179326242715
1782480569.1815264,156,250,27,0,0.657764196395874,1651,0,1475,0,8.862304613387273,-1.2706940858692837,8.0,0.0,1.5356538366872103
1782480569.6855042,157,270,27,0,0.6424589157104492,1594,0,1435,0,8.827430640637768,-1.3200343122487854,8.0,0.0,1.5579255600253665
1782480570.1901631,160,303,27,1,0.5602023601531982,1532,0,1375,0,8.799320669270887,-1.311939597716689,8.0,0.0,1.5362613841337962
1782480570.6950877,160,305,27,1,0.5389485359191895,1535,0,1380,0,8.790363058395839,-1.1977911137523742,8.0,0.0,1.4350530708865707
1782480571.199751,179,308,27,1,0.5116028785705566,1535,0,1380,0,8.774998745382693,-1.1509685268340455,8.0,0.0,1.3875703964510342
1782480571.7039993,179,311,27,1,0.4557490348815918,1590,0,1410,0,8.80496104203575,-1.1101838684520848,8.0,0.0,1.3713024833954452
1782480572.2094202,179,311,27,1,0.4557490348815918,1570,0,1430,0,8.82385344957127,-1.0840432760195666,8.0,0.0,1.3615742104834816
1782480572.7143407,178,323,27,1,0.2728838920593261,1595,0,1405,0,8.818944691977066,-1.0947236897789696,8.0,0.0,1.3671467973413438
1782480573.2185848,180,325,27,1,0.2370505332946777,1586,0,1414,0,8.820066438902744,-1.09066708309172,8.0,0.0,1.3645745308902804
1782480573.7231572,190,327,27,1,0.1690835952758789,1563,0,1437,0,8.779240087029319,-1.132149582923557,8.0,0.0,1.3744008845120277
1782480574.2268426,192,327,27,1,0.1867098808288574,1580,0,1420,0,8.794744463962392,-1.1026061253796433,8.0,0.0,1.3591758645309955
1782480574.7312758,207,325,27,1,0.2104291915893554,1548,0,1452,0,8.799593918098852,-1.0287068519061753,8.0,0.0,1.3029152777596043
1782480575.2350016,209,324,27,1,0.2450294494628906,1620,0,1380,0,8.761111712009143,-0.9936411652880832,8.0,0.0,1.2516444397322062
1782480575.7392063,209,322,27,1,0.2747697830200195,1620,0,1380,0,8.735158105955266,-1.0088997492564211,8.0,0.0,1.2483333468274425
1782480576.2437818,210,323,27,1,0.2632360458374023,1593,0,1407,0,8.740827612663901,-1.026520994676391,8.0,0.0,1.2659268952813596
1782480576.7480922,216,323,27,1,0.2632360458374023,1582,0,1418,0,8.772734263235455,-1.047775176204637,8.0,0.0,1.3019028617560908
1782480577.25215,230,324,27,1,0.2419829368591308,1602,0,1398,0,8.738471613950598,-1.0533335893988691,8.0,0.0,1.2864105002551502
1782480577.7563877,234,325,27,1,0.2055692672729492,1592,0,1408,0,8.544509112797485,-0.9787251369979768,8.0,0.0,1.1199969052239442
1782480578.2608354,244,322,27,1,0.2644691467285156,1579,0,1462,0,8.236175835394477,-0.8440375129645727,8.0,0.0,0.8764578418359323
1782480578.76523,250,322,27,1,0.2657027244567871,1557,0,1487,0,7.985378506946972,-0.7533752601278998,8.0,0.0,0.7535171336020704
1782480579.2696517,264,324,27,1,0.2141284942626953,1640,0,1430,0,7.887021177072118,-0.7134384540126973,8.0,0.0,0.7223286247229841
1782480579.7746072,265,324,27,1,0.2141284942626953,1640,0,1442,0,7.863990123691779,-0.7142175180121555,8.0,0.0,0.7270525080685859
1782480580.2791808,279,324,27,1,0.2262420654296875,1640,0,1442,0,7.879307276922757,-0.752744509143986,8.0,0.0,0.7623588587077746
1782480580.7837238,279,325,27,1,0.19773530960083,1626,0,1500,0,7.892565220294975,-0.7690093978367599,8.0,0.0,0.7764777433072524
1782480581.2876806,284,325,27,1,0.19773530960083,1615,0,1490,0,7.887871693248482,-0.744045329010792,8.0,0.0,0.7524468145973775
1782480581.7915533,290,342,27,0,-0.1400682926177978,1538,0,1410,0,7.876340376648725,-0.6901527311688548,8.0,0.0,0.7011437048046631
1782480582.294914,291,353,27,0,-0.2777438163757324,1538,0,1410,0,7.8844320040876035,-0.6966465716229335,8.0,0.0,0.7061674075126908
1782480582.798485,291,5,27,0,-0.4020719528198242,1541,0,1373,0,7.858841527682149,-0.735593889532369,8.0,0.0,0.7490154101381818
1782480583.302855,295,8,27,0,-0.4372520446777344,1529,0,1389,0,7.838192250536329,-0.7828950237452349,8.0,0.0,0.7994412836422385
1782480583.8061256,305,8,27,0,-0.4518320560455322,1567,0,1395,0,7.812239518182385,-0.701339527392957,8.0,0.0,0.7260379681643098
1782480584.3099337,307,7,27,0,-0.4548788070678711,1561,0,1409,0,7.77959236305894,-0.5565871705589407,8.0,0.0,0.5986391273987605
1782480584.8143682,318,8,27,0,-0.4421122074127197,1520,0,1441,0,7.762985165098676,-0.5026492155413188,8.0,0.0,0.5557267906513103
1782480585.3183997,318,9,27,0,-0.4275321960449219,1520,0,1441,0,7.789617100212565,-0.5821223698629,8.0,0.0,0.6189728734102722
1782480585.8219843,320,9,27,0,-0.4275321960449219,1529,0,1439,0,7.836006434534888,-0.7700952180242276,8.0,0.0,0.7873630257624132
1782480586.327172,325,9,27,0,-0.4439256191253662,1566,0,1436,0,7.826967762593524,-0.7788350821522775,8.0,0.0,0.797824692757147
1782480586.8319433,330,10,27,0,-0.4785258769989013,1577,0,1443,0,7.785656150803871,-0.5751470911847447,8.0,0.0,0.613789428213362
1782480587.3361452,336,12,27,0,-0.503406286239624,1556,0,1459,0,7.745284652301064,-0.3446328381118,8.0,0.0,0.42854603190133983
1782480587.8394058,338,14,27,0,-0.4875929355621338,1527,0,1456,0,7.720502448226488,-0.1856258655444643,8.0,0.0,0.33552323825112135
1782480588.3437257,342,23,27,0,-0.4401538372039795,1540,0,1431,0,7.7194305552851805,-0.1948837565342812,8.0,0.0,0.341612195140184
1782480588.8481257,342,23,27,0,-0.4450135231018066,1552,0,1443,0,7.729962010070935,-0.2751124712998866,8.0,0.0,0.38549628775081723
1782480589.352281,345,12,27,0,-0.503406286239624,1609,0,1498,0,7.738578325539182,-0.3251458699683854,8.0,0.0,0.4172063382013703
1782480589.855996,347,11,27,0,-0.5131261348724365,1596,0,1488,0,7.73351242509906,-0.2837793779804792,8.0,0.0,0.3892895618220089
1782480590.3603723,347,25,27,0,-0.4273874759674072,1596,0,1488,0,7.755818657483006,-0.2176075892649342,8.0,0.0,0.3270742896332539
1782480590.8639843,350,25,27,0,-0.4273874759674072,1540,0,1421,0,7.7973576753889455,-0.2146959846375087,8.0,0.0,0.29522580771883977
1782480591.3679092,350,35,27,0,-0.3939478397369385,1533,0,1407,0,7.805976215283256,-0.2418347893619888,8.0,0.0,0.31004724540232054
1782480591.8778574,354,54,27,0,-0.3410685062408447,1522,0,1426,0,7.726939998099104,-0.3089443444192382,8.0,0.0,0.4123207156895593
1782480592.3827896,356,51,27,0,-0.3507883548736572,1532,0,1438,0,7.652413656340648,-0.285418710055504,8.0,0.0,0.4497556073560675
1782480592.8880842,1,38,27,0,-0.3909010887145996,1538,0,1464,0,7.646033909664847,-0.2665885476805377,8.0,0.0,0.44312689701887004
1782480593.39278,3,39,27,0,-0.3927147388458252,1542,0,1448,0,7.657451615927722,-0.2669317638302647,8.0,0.0,0.43427176050494576
1782480593.8964915,6,46,27,0,-0.3222813606262207,1514,0,1461,0,7.678766809374832,-0.2816245669720948,8.0,0.0,0.4272038851432015
1782480594.400493,8,42,27,0,-0.3071212768554687,1503,0,1478,0,7.666212383156576,-0.3264675932603912,8.0,0.0,0.46689962797933876
1782480594.9050655,8,37,27,0,-0.3265614509582519,1503,0,1478,0,7.721725637320126,-0.2249481969507633,8.0,0.0,0.35782441537196646
1782480595.410117,12,37,27,0,-0.3265614509582519,1576,0,1453,0,7.783969179404987,-0.0232340270692403,8.0,0.0,0.2172766334901408
1782480595.914988,12,40,27,0,-0.3993880748748779,1601,0,1436,0,7.840885600721577,0.147957592830453,8.0,0.0,0.2172759566402037
1782480596.419776,22,51,27,0,-0.4533555507659912,1537,0,1491,0,7.861224327359618,0.2337811934281487,8.0,0.0,0.27186822859149995
1782480596.9248428,25,53,27,0,-0.4551689624786377,1544,0,1490,0,7.860641268698811,0.1691357896661829,8.0,0.0,0.21915239295038572
1782480597.4289362,29,48,27,0,-0.4315216541290283,1532,0,1514,0,7.826144344904275,0.1403746852125288,8.0,0.0,0.22345210014067937
1782480597.9330187,30,46,27,0,-0.4363818168640136,1536,0,1525,0,7.801137371427785,0.0955438989424673,8.0,0.0,0.22062407318282173
1782480598.4367008,32,48,27,0,-0.3835747241973877,1530,0,1481,0,7.842712818255729,0.0864706997147375,8.0,0.0,0.1794893853413392
1782480598.9405105,32,60,27,0,-0.2900753021240234,1535,0,1436,0,7.893052803932305,0.2016829113438813,8.0,0.0,0.2282842514824138
1782480599.4453664,34,139,27,0,-0.0538949966430664,1535,0,1436,0,7.930931904600633,0.3645287109339272,8.0,0.0,0.37101426239060775
1782480599.9500904,34,147,27,0,-0.0277814865112304,1487,0,1424,0,8.00387895859153,0.4577255628748041,8.0,0.0,0.45774199854154857
1782480600.4546587,36,147,27,0,-0.0277814865112304,1561,0,1399,0,8.047552960359884,0.4788360416371241,8.0,0.0,0.48119147832198605
1782480600.9596243,42,129,27,0,-0.0903084278106689,1532,0,1493,0,8.127786610655614,0.5241612130221807,8.0,0.0,0.539513109293679
