time,heading,target_bearing,nav_bearing,wp_dist,xtrack_error,servo1,servo2,servo3,servo4,x,y
1782478474.6142993,136,138,138,2,0.0,1539,0,1535,0,6.799239436873352,1.582511679788645
1782478475.1190464,135,138,138,2,0.0,1523,0,1496,0,6.8924779775854255,1.4803646499938214
1782478475.6241658,135,138,138,1,0.0,1495,0,1459,0,6.8924779775854255,1.4803646499938214
1782478476.1284122,135,259,259,7,-0.12983417510986328,1539,0,1369,0,6.8924779775854255,1.4803646499938214
1782478476.6328628,136,260,260,7,0.008454635739326477,1639,0,1255,0,6.8924779775854255,1.4803646499938214
1782478477.1375258,139,261,261,7,0.09531299024820328,1673,0,1227,0,6.8924779775854255,1.4803646499938214
1782478477.6416152,142,261,261,7,0.12822486460208893,1673,0,1227,0,6.8924779775854255,1.4803646499938214
1782478478.1467621,142,261,261,7,0.12193489074707031,1729,0,1241,0,6.8924779775854255,1.4803646499938214
1782478478.6510923,146,261,261,7,0.12193489074707031,1759,0,1241,0,6.8924779775854255,1.4803646499938214
1782478479.1554258,152,260,260,7,0.061698440462350845,1753,0,1247,0,6.8924779775854255,1.4803646499938214
1782478479.659908,163,260,260,7,-0.02047925814986229,1725,0,1275,0,6.8924779775854255,1.4803646499938214
1782478480.164921,177,259,259,7,-0.0913349911570549,1714,0,1286,0,7.261043882640903,2.016263646723284
1782478480.6695554,188,258,258,7,-0.16938738524913788,1753,0,1247,0,7.207622796951675,2.032507192130457
1782478481.173555,194,258,258,7,-0.23737578094005585,1787,0,1213,0,7.196110255617777,2.029431846452847
1782478481.6788766,202,257,257,7,-0.3201088309288025,1793,0,1207,0,7.157641362560228,1.9839076755089515
1782478482.1832824,224,256,256,7,-0.49493616819381714,1777,0,1223,0,6.96982749782116,1.9947514453001496
1782478482.6890786,224,255,255,7,-0.5578926205635071,1779,0,1221,0,6.555147262486055,2.0500318204065913
1782478483.1946793,235,255,255,7,-0.5578926205635071,1727,0,1273,0,5.808347381579068,2.07917700709301
1782478483.699475,262,255,255,7,-0.6904467940330505,1472,0,1528,0,4.862130530257826,2.0494381882483665
1782478484.2035298,266,254,255,7,-0.7271326780319214,1479,0,1526,0,3.8282926287550993,2.0468387624621855
1782478484.7071912,268,254,255,7,-0.7371966242790222,1675,0,1617,0,2.8470393510942316,2.020319302692651
1782478485.2112603,267,254,255,7,-0.6945721507072449,1744,0,1659,0,2.0386106640977677,1.9738462313206255
1782478485.7161844,267,254,255,7,-0.7260220050811768,1810,0,1799,0,1.3056536580114602,1.9139948076920406
1782478486.220311,267,253,255,7,-0.7991897463798523,1836,0,1856,0,0.677361120374462,1.8540880866263303
1782478486.7252274,268,249,255,5,-1.0867719650268555,1860,0,1866,0,0.06589994873066686,1.7926504913605035
1782478487.2304904,268,247,255,5,-1.1667282581329346,1842,0,1850,0,-0.503432118602905,1.7389519263468742
1782478487.73524,268,247,255,5,-1.1667282581329346,1842,0,1850,0,-1.0978186848053577,1.6994273096036685
1782478488.2415314,266,237,255,3,-1.4328680038452148,1775,0,1807,0,-1.6348404257104905,1.6014847186751537
1782478488.7470007,265,233,255,3,-1.4977284669876099,1754,0,1796,0,-1.956229111421055,1.5322447088903686
1782478489.2511122,264,215,255,2,-1.6263384819030762,1652,0,1748,0,-2.027654792137573,1.4980829312942059
1782478489.754455,264,207,255,2,-1.6613584756851196,1608,0,1728,0,-1.9998196185112618,1.4878277584250756
1782478490.258333,263,187,255,1,-1.7175601720809937,1504,0,1671,0,-2.00920698927708,1.4414392756823182
1782478490.762328,262,175,255,1,-1.7450320720672607,1451,0,1636,0,-2.010345827244603,1.39386747269591
1782478491.2660613,258,144,255,2,-1.85064697265625,1242,0,1535,0,-1.9812702590410622,1.4140321899314754
1782478491.770574,256,136,255,2,-1.849887728691101,1225,0,1470,0,-1.9883741837470827,1.5334824467607864
1782478492.2751162,256,136,255,2,-1.849887728691101,1225,0,1470,0,-1.9985533412372418,1.5370676396759668
1782478492.7784483,251,126,255,2,-1.8012677431106567,1196,0,1470,0,-1.9828801632903355,1.4499399979309269
1782478493.282094,246,126,255,2,-1.7902971506118774,1292,0,1577,0,-1.946578387632373,1.4084006162759835
1782478493.7860415,227,125,255,2,-1.7426408529281616,1367,0,1633,0,-1.8572728498918187,1.2561803999826044
1782478494.290849,222,124,255,2,-1.7097289562225342,1356,0,1644,0,-1.7676501985570077,1.1023134394211866
1782478494.796406,204,125,255,2,-1.6924681663513184,1374,0,1672,0,-1.6006552017763422,0.8357803240546108
1782478495.3018057,198,126,255,2,-1.7485792636871338,1368,0,1723,0,-1.4340351213634321,0.6091953149921839
1782478495.8062057,174,125,255,2,-1.7510952949523926,1450,0,1686,0,-1.3344203414896507,0.4963701068265822
1782478496.3104522,168,125,255,2,-1.705954909324646,1459,0,1703,0,-1.2850871699376378,0.43165956599977545
1782478496.8146265,168,125,255,2,-1.705954909324646,1459,0,1703,0,-1.2131595847727057,0.39503066017191796
1782478497.318553,157,124,255,2,-1.59212327003479,1519,0,1651,0,-1.0779913798923069,0.32669129988998835
1782478497.8231978,147,122,255,2,-1.4736112356185913,1503,0,1666,0,-0.8886548652404989,0.22505838334412678
1782478498.3267894,147,119,255,1,-1.2437833547592163,1403,0,1711,0,-0.7610697120335357,0.14935043845790508
1782478498.8325016,145,116,255,1,-1.0358966588974,1411,0,1643,0,-0.6864369938126268,0.11204416561874575
1782478499.336802,138,109,255,1,-0.6981760859489441,1393,0,1654,0,-0.5780723320137974,0.07205112546561851
1782478499.840747,137,108,255,1,-0.6357750296592712,1407,0,1640,0,-0.49605816591167573,0.06323934194386738
1782478500.34455,120,106,255,1,-0.5401106476783752,1466,0,1580,0,-0.4127602376880102,0.07001198069690283
1782478500.8501997,117,105,255,1,-0.49336087703704834,1443,0,1586,0,-0.46078670990001636,0.08719294466564705
1782478501.3546371,117,101,255,0,-0.2869361639022827,1443,0,1586,0,-0.6229574073045852,0.114181158492084
1782478501.8591082,113,101,255,0,-0.2869361639022827,1425,0,1538,0,-0.7366713068907201,0.13943820916620214
1782478502.3630571,109,98,255,0,-0.23424780368804932,1419,0,1551,0,-0.7498769791068424,0.13956353735586663
1782478502.8673818,102,94,255,0,-0.13949012756347656,1413,0,1515,0,-0.6250807465328777,0.11858305717379729
1782478503.3712182,100,93,255,0,-0.11845552921295166,1420,0,1506,0,-0.5529498848722239,0.08545049801268396
1782478503.8750744,97,96,255,0,-0.10678219795227051,1427,0,1485,0,-0.5703647765519536,0.10071827223385121
1782478504.3791065,96,97,255,0,-0.12152671813964844,1441,0,1504,0,-0.715620463533244,0.14838004193365342
1782478504.8839839,95,97,255,0,-0.17114388942718506,1477,0,1539,0,-0.8435588607772475,0.15923601013620695
1782478505.38814,94,98,255,0,-0.1946943998336792,1495,0,1535,0,-0.8682866039670961,0.17272694003672326
1782478505.8919787,90,97,255,0,-0.2157289981842041,1480,0,1542,0,-0.7852800713292781,0.20317077063321362
1782478506.397557,90,98,255,0,-0.2056649923324585,1480,0,1542,0,-0.6368147095004397,0.19839524580930248
1782478506.9027102,89,98,255,0,-0.2056649923324585,1468,0,1526,0,-0.4851221642347125,0.19118245199477876
1782478507.4065459,90,97,255,0,-0.1501094102859497,1463,0,1538,0,-0.3559962259470648,0.18441589561386257
1782478507.9106407,90,98,255,0,-0.16359591484069824,1495,0,1525,0,-0.30750481936701113,0.18739326094111516
1782478508.4148464,86,100,255,0,-0.259962797164917,1575,0,1544,0,-0.3071481672042698,0.20232821770260906
1782478508.9196088,85,99,255,0,-0.27973949909210205,1572,0,1550,0,-0.2785271251994396,0.23718776116969745
1782478509.4241328,86,103,255,0,-0.3160741329193115,1563,0,1526,0,-0.23214147867475904,0.27472430461450276
1782478509.9293292,86,105,255,0,-0.30223631858825684,1538,0,1526,0,-0.2089133648626858,0.2779851309362208
1782478510.4339628,88,113,255,0,-0.2434617280960083,1499,0,1509,0,-0.19420800437992858,0.24454746251812165
1782478510.937954,89,118,255,0,-0.2321397066116333,1499,0,1509,0,-0.12990110309718383,0.2182109616510628
1782478511.4426858,89,118,255,0,-0.2321397066116333,1501,0,1495,0,-0.08579450573420651,0.22738229317795056
1782478511.947944,90,124,255,0,-0.23178839683532715,1524,0,1487,0,-0.06689130766016096,0.23234521530728258
1782478512.4522893,91,126,255,0,-0.24275898933410645,1528,0,1480,0,-0.10710137928305644,0.20923240388784323
1782478512.9559143,94,143,255,0,-0.2972608804702759,1530,0,1460,0,-0.1359198478593706,0.2080778824947882
1782478513.4603226,95,146,255,0,-0.2934868335723877,1521,0,1468,0,-0.15657097322802538,0.2678322804306948
1782478513.9646816,97,145,255,0,-0.25680094957351685,1493,0,1486,0,-0.1851700722669339,0.2954470459259315
1782478514.4691517,99,153,255,0,-0.23828238248825073,1490,0,1476,0,-0.23484046041665277,0.2980158635889513
1782478514.9736896,100,168,255,0,-0.22696059942245483,1520,0,1440,0,-0.3213562600786681,0.3209213228565399
1782478515.477861,101,170,255,0,-0.2257024645805359,1503,0,1459,0,-0.24830163038944486,0.2939514304807935
1782478515.9818215,101,170,255,0,-0.2257024645805359,1503,0,1459,0,-0.12424084969579453,0.2607794773405989
1782478516.486243,105,154,255,0,-0.21382522583007812,1503,0,1482,0,0.00906535701907583,0.28881041156855725
1782478516.9918077,106,156,255,0,-0.2357664704322815,1530,0,1461,0,-0.028768784026021302,0.32131169871128695
1782478517.495373,109,154,255,0,-0.30913811922073364,1521,0,1489,0,-0.1897034319599285,0.3671913705508983
1782478517.9991317,110,151,255,0,-0.2994254231452942,1521,0,1500,0,-0.23907981990766777,0.3699156635096189
1782478518.5034583,111,139,255,0,-0.3524651527404785,1562,0,1507,0,-0.19800540103944286,0.34959620311942324
1782478519.0080853,111,137,255,0,-0.34275269508361816,1539,0,1503,0,-0.08987498124278671,0.29866209147913014
1782478519.512127,112,162,255,0,-0.2661622166633606,1553,0,1424,0,0.05510154823510344,0.2014477352769818
1782478520.0166845,112,181,255,0,-0.26203691959381104,1558,0,1406,0,0.0762128062381572,0.17455768549834602
1782478520.5213099,112,174,255,0,-0.32318001985549927,1558,0,1406,0,0.0762128062381572,0.17455768549834602
1782478521.0253415,120,174,255,0,-0.32318001985549927,1531,0,1512,0,0.0762128062381572,0.17455768549834602
1782478521.5307324,121,160,255,0,-0.3724460005760193,1536,0,1537,0,0.0762128062381572,0.17455768549834602
1782478522.034573,127,153,255,0,-0.36902326345443726,1544,0,1500,0,0.0762128062381572,0.17455768549834602
1782478522.5403504,126,158,255,0,-0.351762592792511,1544,0,1487,0,0.0762128062381572,0.17455768549834602
1782478523.0450184,124,207,255,0,-0.17985928058624268,1502,0,1446,0,0.0762128062381572,0.17455768549834602
1782478523.550043,125,217,255,0,-0.1431732177734375,1518,0,1482,0,0.0762128062381572,0.17455768549834602
1782478524.0551622,124,26,26,8,-0.03269316256046295,1323,0,1677,0,0.0762128062381572,0.17455768549834602
1782478524.559873,120,26,26,8,-0.02777472883462906,1307,0,1693,0,0.0762128062381572,0.17455768549834602
1782478525.064885,120,26,26,8,-0.02777472883462906,1307,0,1693,0,-0.17966184989391934,0.4173011156616689
1782478525.5694237,100,27,27,8,0.2262478768825531,1274,0,1726,0,-0.15961652598520318,0.49518835611177053
1782478526.0743184,92,28,28,8,0.2977098524570465,1279,0,1721,0,-0.14745794607282403,0.7792856650297938
1782478526.5788078,60,28,28,8,0.32085540890693665,1243,0,1757,0,-0.07790543956729815,1.1337505766686946
1782478527.0831952,54,28,28,8,0.2789040207862854,1245,0,1755,0,-0.0009306891579912034,1.5621085926842797
1782478527.587124,34,27,27,8,0.2517079710960388,1374,0,1626,0,0.15685107172497403,2.018677793804071
1782478528.0914252,28,28,27,8,0.2734069228172302,1456,0,1544,0,0.3514143403905102,2.5180239573770486
1782478528.5954125,15,28,27,8,0.2901874780654907,1519,0,1546,0,0.6362383674859226,3.181226290643606
1782478529.0999737,12,28,27,8,0.28845155239105225,1569,0,1554,0,1.0373794678837334,4.067201361407075
1782478529.6053066,14,29,27,8,0.4982081949710846,1569,0,1554,0,1.4742726211979673,5.034499560421406
1782478530.1099124,14,29,27,8,0.4982081949710846,1748,0,1568,0,2.002378802067959,6.193084227190122
1782478530.6137943,14,30,27,8,0.5482603907585144,1767,0,1649,0,2.5096534830169785,7.307328902432509
1782478531.1174707,21,31,27,7,0.7279277443885803,1891,0,1862,0,2.9885890935328665,8.305808575049724
1782478531.621042,22,32,27,7,0.7577276229858398,1951,0,1899,0,3.408513278675919,9.154888447600996
1782478532.1254869,23,34,27,5,0.8387370705604553,1981,0,1916,0,3.6576485475155223,9.650758363140834
1782478532.6319494,23,35,27,5,0.8569640517234802,1961,0,1893,0,3.7939448194865535,9.90880880760178
1782478533.137371,23,38,27,4,0.899493932723999,1896,0,1815,0,3.8167419606454085,9.968842376968741
1782478533.6415753,23,41,27,3,0.9188783168792725,1846,0,1759,0,3.7985310417334275,10.015652060514677
1782478534.146036,24,62,27,1,0.9799251556396484,1690,0,1563,0,3.8192962513792628,10.080062383864798
1782478534.6517286,24,79,27,1,0.9862902164459229,1690,0,1563,0,3.841804324245021,10.136064477786258
1782478535.1560311,24,79,27,1,0.9862902164459229,1627,0,1500,0,3.907207076101825,10.093714339673037
1782478535.659955,26,156,27,1,0.9689311981201172,1487,0,1332,0,3.908107847818529,10.103062296670043
1782478536.1640606,26,165,27,1,0.9654600620269775,1460,0,1304,0,3.7930515788577677,10.175396831131929
1782478536.667705,31,173,27,1,0.9434716701507568,1441,0,1268,0,3.6151251257381487,10.239069940555732
1782478537.173132,33,173,27,1,0.9550442695617676,1478,0,1283,0,3.4876516352252662,10.221429684029326
1782478537.6772447,44,174,27,1,0.9993100166320801,1591,0,1409,0,3.4527833470922293,10.180326487156453
1782478538.1814563,47,175,27,1,0.9660384654998779,1619,0,1381,0,3.538472102768118,10.139963860480801
1782478538.6856017,63,176,27,1,0.9359495639801025,1610,0,1390,0,3.5870408809537655,10.18836989832587
1782478539.1899803,68,176,27,1,0.9475226402282715,1610,0,1390,0,3.6388333306906966,10.144556022530264
1782478539.6945817,68,176,27,1,0.9475226402282715,1623,0,1377,0,3.7348964195953007,10.011232106587439
1782478540.199578,82,170,27,2,1.2145638465881348,1707,0,1293,0,3.874705735289295,9.782372152454926
1782478540.7030842,87,167,27,2,1.2993342876434326,1696,0,1366,0,4.038381823866573,9.430421324449194
1782478541.2071912,105,163,27,2,1.3994393348693848,1677,0,1454,0,4.15707402884695,9.13065891753504
1782478541.7120512,111,164,27,2,1.3496758937835693,1684,0,1445,0,4.247681367495158,8.909619938089682
1782478542.2166996,126,167,27,2,1.2712702751159668,1767,0,1445,0,4.281371484422954,8.871663952257915
1782478542.7213225,132,168,27,2,1.2463891506195068,1722,0,1485,0,4.276387884389062,8.937814778883453
1782478543.2261078,148,173,27,1,0.9486794471740723,1697,0,1454,0,4.293640940465614,8.95298269884132
1782478543.7297964,149,176,27,1,0.7817416191101074,1656,0,1438,0,4.323905333238944,8.988781375669811
1782478544.2334635,149,176,27,1,0.7817416191101074,1656,0,1438,0,4.313417921848445,8.823611548637825
1782478544.7374365,154,184,27,1,0.4383199214935303,1603,0,1410,0,4.294101314413968,8.704397785292766
1782478545.240964,155,188,27,0,0.30639004707336426,1593,0,1393,0,4.257221523072732,8.553328134183566
1782478545.7462971,162,203,27,0,0.032404184341430664,1580,0,1388,0,4.215969933566735,8.512808569816368
1782478546.2501526,164,202,27,0,0.047159671783447266,1612,0,1398,0,4.202316865158141,8.514140032097082
1782478546.7540233,177,202,27,0,0.05352425575256348,1580,0,1462,0,4.2204369674246145,8.52174356905286
1782478547.2578819,179,202,27,0,0.059889793395996094,1632,0,1428,0,4.283941191919703,8.640293402044968
1782478547.7627192,187,209,27,0,-0.03529715538024902,1546,0,1432,0,4.275203229605107,8.704744399841687
1782478548.2676942,188,212,27,0,-0.06307148933410645,1570,0,1409,0,4.2483081187414555,8.723488474465722
1782478548.7716126,188,221,27,0,-0.09836792945861816,1570,0,1409,0,4.257719721309291,8.697132397255691
1782478549.275514,192,221,27,0,-0.09836792945861816,1500,0,1439,0,4.294549421453409,8.663010973330021
1782478549.779555,196,218,27,0,-0.07840490341186523,1512,0,1450,0,4.277864545799061,8.727822423557942
1782478550.2839608,201,218,27,0,-0.07001471519470215,1534,0,1438,0,4.162645548964425,8.710269255213056
1782478550.7877977,203,218,27,0,-0.0885312557220459,1564,0,1450,0,4.063891333520922,8.604570014937597
1782478551.291595,208,211,27,0,-0.05294513702392578,1520,0,1521,0,4.01505698581411,8.508341157173204
1782478551.7957165,212,208,27,0,-0.02140951156616211,1516,0,1527,0,4.0331059710327155,8.50863179938205
1782478552.299667,213,210,27,0,-0.042818546295166016,1588,0,1459,0,4.1189170188446615,8.669572205582364
1782478552.8028028,215,215,27,0,-0.07927322387695312,1581,0,1476,0,4.12565902820539,8.734837489980725
1782478553.3063114,215,203,27,0,0.02835392951965332,1581,0,1476,0,4.070591638201868,8.714385932400285
1782478553.8108847,218,197,27,0,0.07522344589233398,1500,0,1550,0,3.946856487257314,8.655420498511521
1782478554.3168614,220,197,27,0,0.07522344589233398,1515,0,1501,0,3.860561069370064,8.565101378531129
1782478554.8208473,216,184,27,0,0.10299801826477051,1546,0,1438,0,3.837013036237729,8.52188164592811
1782478555.3247702,215,183,27,0,0.09489679336547852,1539,0,1454,0,3.792872018058847,8.453445410916972
1782478555.8285847,217,192,27,0,0.0891106128692627,1545,0,1541,0,3.8159314850208106,8.431842644299175
1782478556.332814,218,195,27,0,0.0885322093963623,1545,0,1552,0,3.820661535192414,8.512393854809606
1782478556.8371882,222,182,27,0,0.18169283866882324,1495,0,1541,0,3.753708134647572,8.562579652166582
1782478557.3417559,220,173,27,0,0.23348116874694824,1488,0,1523,0,3.718286537726545,8.615966195271348
1782478557.8456683,220,152,27,0,0.2890303134918213,1488,0,1523,0,3.7202157384746837,8.572385102431486
1782478558.3514507,219,152,27,0,0.2890303134918213,1455,0,1532,0,3.7412055154105306,8.51877102188426
1782478558.8572643,217,150,27,0,0.28584790229797363,1528,0,1465,0,3.7730378230709736,8.515028921651712
1782478559.3628583,215,131,27,0,0.24013543128967285,1503,0,1462,0,3.7499478073750145,8.527519611059677
1782478559.8684378,216,133,27,0,0.24505376815795898,1480,0,1511,0,3.7573854221974967,8.634917356865268
1782478560.373488,214,141,27,0,0.35730981826782227,1450,0,1542,0,3.804278302057008,8.716257898832303
1782478560.8785415,214,141,27,0,0.38710951805114746,1458,0,1540,0,3.8372595048074656,8.72147884216749
1782478561.38281,214,137,27,0,0.3905816078186035,1478,0,1498,0,3.8330206311780692,8.671405854451098
1782478561.8870256,214,135,27,0,0.38074493408203125,1491,0,1483,0,3.7525692016262933,8.590310489724928
1782478562.3913155,214,137,27,0,0.33763599395751953,1491,0,1483,0,3.696202499182031,8.571178660683602
1782478562.8961303,208,136,27,0,0.3558633327484131,1487,0,1495,0,3.7080304503792227,8.602492827883317
1782478563.4014146,206,136,27,0,0.3558633327484131,1475,0,1521,0,3.743520001698298,8.62823763854612
1782478563.905703,205,149,27,0,0.40157580375671387,1496,0,1556,0,3.742350977671999,8.605543856219649
1782478564.4100716,206,155,27,0,0.38797760009765625,1509,0,1542,0,3.714793598919392,8.521436205106642
1782478564.9148743,204,159,27,0,0.338214635848999,1512,0,1517,0,3.6789012896004856,8.402063657796917
1782478565.419591,203,152,27,0,0.35181260108947754,1477,0,1527,0,3.6738466778421017,8.372726505331482
1782478565.924492,201,135,27,0,0.4221177101135254,1463,0,1540,0,3.690545892643102,8.449111925661185
1782478566.428915,200,137,27,0,0.4203810691833496,1485,0,1531,0,3.713173322562016,8.550984857031944
1782478566.9328275,196,144,27,0,0.39521074295043945,1506,0,1516,0,3.7173274236167546,8.58802761067722
1782478567.4372118,196,141,27,0,0.38710951805114746,1506,0,1516,0,3.6818405092222166,8.562302950962163
1782478567.9425738,195,141,27,0,0.38710951805114746,1497,0,1509,0,3.6715072484687186,8.526547307983599
1782478568.4472365,196,126,27,0,0.36454296112060547,1457,0,1500,0,3.674105968909835,8.445781367932202
1782478568.9519937,195,116,27,0,0.3549952507019043,1454,0,1491,0,3.682108662304429,8.398211467470183
1782478569.4567742,192,119,27,0,0.36483216285705566,1477,0,1518,0,3.6553401213823817,8.422911073402943
1782478569.9611983,193,127,27,0,0.3761155605316162,1482,0,1533,0,3.637563470153284,8.476850375708539
1782478570.4659042,191,139,27,0,0.4070725440979004,1487,0,1533,0,3.6350334156697466,8.52031176871797
1782478570.970309,189,136,27,0,0.4154629707336426,1472,0,1539,0,3.6431112537338746,8.485384670134463
1782478571.4746268,186,129,27,0,0.41083383560180664,1478,0,1509,0,3.655997447646045,8.426417307391326
1782478571.9809277,185,122,27,0,0.3862416744232178,1477,0,1496,0,3.657615517425045,8.383359303067227
1782478572.4854703,185,122,27,0,0.3862416744232178,1477,0,1496,0,3.639419788731847,8.35727019681985
1782478572.9898443,183,118,27,0,0.3781406879425049,1492,0,1503,0,3.602819802748261,8.463214788466853
1782478573.4945743,183,119,27,0,0.40128660202026367,1496,0,1509,0,3.5895793416370543,8.542594920053137
1782478574.000863,182,127,27,0,0.449023962020874,1500,0,1524,0,3.6107929945361357,8.561110587834772
1782478574.5073843,182,126,27,0,0.4374511241912842,1493,0,1519,0,3.650263008292212,8.574500468474938
1782478575.012387,182,119,27,0,0.40128660202026367,1490,0,1500,0,3.6656548596710876,8.529567666163796
1782478575.5179272,181,117,27,0,0.3847951889038086,1490,0,1498,0,3.660558029417596,8.520610304944043
1782478576.0238497,180,108,27,0,0.37351155281066895,1495,0,1501,0,3.6579879035895333,8.495104383477976
1782478576.5279672,180,115,27,0,0.4296398162841797,1509,0,1522,0,3.6404837568942687,8.400942336530564
1782478577.031908,180,126,27,0,0.49878692626953125,1509,0,1522,0,3.6039970125472824,8.398587737601797
1782478577.5353487,182,126,27,0,0.49878692626953125,1508,0,1530,0,3.59623443455913,8.388343344013155
1782478578.0394986,181,129,27,0,0.4886610507965088,1525,0,1528,0,3.610746253338166,8.369279340789634
1782478578.5434036,177,132,27,0,0.42558908462524414,1527,0,1507,0,3.619444127982308,8.27920447997856
1782478579.0475183,177,130,27,0,0.4273252487182617,1527,0,1507,0,3.6449335718881803,8.186927170964577
1782478579.5512383,178,126,27,0,0.41922426223754883,1507,0,1513,0,3.659317998953524,8.182378795847368
1782478580.0550237,178,120,27,0,0.39463233947753906,1503,0,1499,0,3.612336222612137,8.266526643743354
1782478580.5606577,178,112,27,0,0.42645692825317383,1498,0,1522,0,3.569364647686922,8.468821143392585
1782478581.0655088,179,111,27,0,0.4215383529663086,1493,0,1517,0,3.555214317748637,8.520705748086542
1782478581.5698647,179,111,27,0,0.4215383529663086,1493,0,1517,0,3.5705097853770402,8.465872810370723
1782478582.075016,179,103,27,0,0.3787190914154053,1484,0,1492,0,3.5662996812180427,8.246387090871062
1782478582.5788617,179,91,27,0,0.33763623237609863,1471,0,1478,0,3.5947483416233914,8.107413013964928
1782478583.0835583,177,82,27,0,0.2797722816467285,1487,0,1474,0,3.6205364931414117,8.202341717618618
1782478583.5870967,177,85,27,0,0.3046538829803467,1495,0,1485,0,3.611315509142944,8.385932447113662
1782478584.0914607,177,111,27,0,0.45307445526123047,1530,0,1534,0,3.5717108149652814,8.699433249415328
1782478584.5958247,178,121,27,0,0.5039947032928467,1527,0,1543,0,3.513856482486644,8.852190133184592
1782478585.1002545,179,118,27,0,0.4892396926879883,1504,0,1515,0,3.4984487726523206,8.909492470045057
1782478585.6047883,179,108,27,0,0.4432377815246582,1481,0,1486,0,3.4974935719108777,8.830415297076918
1782478586.108955,178,73,27,0,0.29857802391052246,1481,0,1486,0,3.4909374635270165,8.583082290575597
1782478586.6134934,178,73,27,0,0.29857802391052246,1481,0,1471,0,3.483414851423455,8.288703700528686
1782478587.1180391,177,82,27,0,0.31477975845336914,1496,0,1492,0,3.4419884379512165,8.046042517968802
1782478587.622417,177,127,27,0,0.4970512390136719,1563,0,1568,0,3.3794952886026417,7.954076217347678
1782478588.1273863,177,137,27,0,0.5974447727203369,1573,0,1585,0,3.3575262716967758,8.036200272459238
1782478588.6320317,180,143,27,0,0.7342932224273682,1577,0,1604,0,3.3672783672484727,8.061622215412921
1782478589.137197,181,142,27,0,0.7360289096832275,1574,0,1591,0,3.3973543634295202,8.148926622439761
1782478589.642282,178,124,27,0,0.5916588306427002,1518,0,1519,0,3.40024224337798,8.244867065251908
1782478590.1469328,178,108,27,0,0.5129637718200684,1497,0,1497,0,3.3881600699514163,8.367364165675244
1782478590.651075,177,66,27,0,0.3908708095550537,1455,0,1454,0,3.3895781908248446,8.44162240278991
1782478591.1551163,177,64,27,0,0.41112327575683594,1455,0,1454,0,3.3999302640221174,8.321720869031736
1782478591.659101,178,64,27,0,0.41112327575683594,1456,0,1472,0,3.401050778723922,8.200394033067253
1782478592.1651626,180,73,27,0,0.4736161231994629,1465,0,1485,0,3.3841062368514634,8.137502535409942
1782478592.6701648,180,75,27,0,0.4785346984863281,1471,0,1492,0,3.353820289259023,8.203836409237267
1782478593.173875,178,92,27,0,0.5488393306732178,1522,0,1500,0,3.3474907466391572,8.347496759268301
1782478593.6783793,177,99,27,0,0.5899226665496826,1531,0,1517,0,3.354558343915146,8.48467518899873
1782478594.1824105,177,108,27,0,0.6391069889068604,1532,0,1524,0,3.363639713330604,8.547047405165893
1782478594.6866128,177,106,27,0,0.6243517398834229,1515,0,1507,0,3.369467383193742,8.469844914848569
1782478595.1911378,177,85,27,0,0.5126743316650391,1487,0,1477,0,3.3688039727688444,8.302925192202448
1782478595.6957052,177,82,27,0,0.49791884422302246,1487,0,1477,0,3.3613752018650205,8.07284375378145
1782478596.200512,177,82,27,0,0.49791884422302246,1486,0,1476,0,3.3331366041562998,7.991728893440626
1782478596.7046652,178,93,27,0,0.598602294921875,1514,0,1521,0,3.3149775741007534,8.152103679670024
1782478597.2092178,179,100,27,0,0.6330311298370361,1523,0,1531,0,3.31651114646854,8.279264620704936
1782478597.7141428,178,116,27,0,0.7033357620239258,1550,0,1538,0,3.3246948630275854,8.38084062153331
1782478598.218937,178,114,27,0,0.6868448257446289,1536,0,1530,0,3.329792728601442,8.379572937999782
1782478598.7232468,178,94,27,0,0.5786392688751221,1485,0,1480,0,3.334166150685977,8.356059421460682
1782478599.2269874,178,81,27,0,0.5196177959442139,1464,0,1458,0,3.327371665674698,8.34370220587694
1782478599.7313085,178,73,27,0,0.5103597640991211,1484,0,1493,0,3.30034191866712,8.26809805485222
1782478600.2361104,179,82,27,0,0.5595438480377197,1494,0,1516,0,3.278031044260351,8.33946543504934
1782478600.7400582,179,82,27,0,0.5595438480377197,1494,0,1516,0,3.284478443103673,8.404165754746492
1782478601.2441397,179,99,27,0,0.648076057434082,1523,0,1520,0,3.305592133527281,8.452516974838073
1782478601.7482595,178,103,27,0,0.6677494049072266,1523,0,1516,0,3.3093242890750565,8.399744490876081
1782478602.2529025,178,100,27,0,0.6396853923797607,1512,0,1505,0,3.3045228371962776,8.234385356259182
1782478602.75752,178,100,27,0,0.6463396549224854,1512,0,1514,0,3.2970222725312373,8.122240273418015
1782478603.2617385,178,93,27,0,0.6252198219299316,1498,0,1492,0,3.2739623824708386,8.064557490561663
1782478603.7661128,178,93,27,0,0.6451828479766846,1506,0,1511,0,3.2679831144067855,8.180636243309873
1782478604.2698703,181,103,27,0,0.705939769744873,1508,0,1535,0,3.2741775543923257,8.3423639908531
1782478604.7739964,180,105,27,0,0.7024679183959961,1525,0,1532,0,3.2555094557701922,8.461849028714559
1782478605.2790096,180,97,27,0,0.6515471935272217,1525,0,1532,0,3.242834214756415,8.531096934755016
1782478605.783089,180,97,27,0,0.6515471935272217,1482,0,1493,0,3.2261382156208374,8.447260302540466
1782478606.287215,179,88,27,0,0.6090176105499268,1473,0,1483,0,3.2061830017188626,8.217707648630205
1782478606.793109,179,75,27,0,0.5601224899291992,1464,0,1471,0,3.2161088480400513,7.9810304429984615
1782478607.2976308,180,79,27,0,0.588186502456665,1475,0,1495,0,3.2161088480400513,7.9810304429984615
1782478607.8016057,180,99,27,0,0.6995747089385986,1519,0,1524,0,3.2161088480400513,7.9810304429984615
1782478608.3056865,179,105,27,0,0.7406582832336426,1529,0,1529,0,3.2161088480400513,7.9810304429984615
1782478608.8097134,179,111,27,0,0.799968957901001,1533,0,1538,0,3.2161088480400513,7.9810304429984615
1782478609.3142376,179,111,27,0,0.799968957901001,1521,0,1525,0,3.2161088480400513,7.9810304429984615
1782478609.8181393,179,111,27,0,0.799968957901001,1521,0,1525,0,3.2161088480400513,7.9810304429984615
1782478610.3221505,177,83,27,0,0.6527044773101807,1462,0,1443,0,3.2161088480400513,7.9810304429984615
1782478610.8263218,176,73,27,0,0.5887651443481445,1443,0,1427,0,3.2161088480400513,7.9810304429984615
1782478611.3300002,176,79,27,0,0.676429271697998,1508,0,1500,0,3.2161088480400513,7.9810304429984615
1782478611.8336837,176,91,27,0,0.8132772445678711,1538,0,1528,0,3.2161088480400513,7.9810304429984615
1782478612.3378072,178,116,27,1,1.058330774307251,1581,0,1573,0,3.2161088480400513,7.9810304429984615
1782478612.8417802,177,120,27,1,1.0976781845092773,1595,0,1569,0,3.2161088480400513,7.9810304429984615
1782478613.3460274,177,116,27,1,1.0152223110198975,1558,0,1551,0,3.2161088480400513,7.9810304429984615
1782478613.8500078,176,114,27,1,1.005385160446167,1569,0,1541,0,3.2161088480400513,7.9810304429984615
1782478614.354672,176,99,27,0,0.8558073043823242,1569,0,1541,0,3.2161088480400513,7.9810304429984615
1782478614.8601277,176,99,27,0,0.8558073043823242,1519,0,1503,0,3.2161088480400513,7.9810304429984615
1782478615.3658025,176,95,27,0,0.8245606422424316,1521,0,1500,0,3.2161088480400513,7.9810304429984615
1782478615.8696332,175,84,27,0,0.7658286094665527,1501,0,1481,0,3.2161088480400513,7.9810304429984615
1782478616.3735888,177,84,27,0,0.799100399017334,1499,0,1498,0,3.2161088480400513,7.9810304429984615
1782478616.8778007,181,83,27,0,0.8025722503662109,1486,0,1491,0,3.2161088480400513,7.9810304429984615
1782478617.3816705,181,84,27,0,0.794182300567627,1496,0,1494,0,3.2161088480400513,7.9810304429984615
1782478617.885422,181,82,27,0,0.7626464366912842,1473,0,1473,0,3.2161088480400513,7.9810304429984615
1782478618.3896449,182,78,27,0,0.7348716259002686,1450,0,1463,0,3.2161088480400513,7.9810304429984615
1782478618.8932898,180,67,27,1,0.6645669937133789,1450,0,1463,0,3.2161088480400513,7.9810304429984615
1782478619.396688,180,67,27,1,0.6645669937133789,1445,0,1423,0,3.2161088480400513,7.9810304429984615
1782478619.9005535,180,69,27,1,0.7076759338378906,1460,0,1448,0,3.2161088480400513,7.9810304429984615
1782478620.4056263,185,92,27,0,0.9113566875457764,1491,0,1527,0,3.2161088480400513,7.9810304429984615
1782478620.9111834,185,98,27,0,0.9423139095306396,1514,0,1535,0,3.2161088480400513,7.9810304429984615
1782478621.4147878,183,116,27,1,1.0881304740905762,1574,0,1559,0,3.2161088480400513,7.9810304429984615
1782478621.919242,182,119,27,1,1.1176412105560303,1581,0,1571,0,3.2161088480400513,7.9810304429984615
1782478622.4247837,181,119,27,1,1.0811872482299805,1562,0,1536,0,3.2161088480400513,7.9810304429984615
1782478622.9301522,180,114,27,1,1.0320026874542236,1549,0,1522,0,3.2161088480400513,7.9810304429984615
1782478623.4354537,181,110,27,1,1.052255392074585,1556,0,1560,0,3.2161088480400513,7.9810304429984615
1782478623.9400842,181,110,27,1,1.052255392074585,1556,0,1560,0,3.2161088480400513,7.9810304429984615
1782478624.4444835,182,110,27,1,1.052255392074585,1540,0,1558,0,3.2161088480400513,7.9810304429984615
1782478624.9487014,183,98,27,1,0.955622673034668,1505,0,1499,0,3.2161088480400513,7.9810304429984615
1782478625.454144,183,91,27,1,0.9281370639801025,1498,0,1471,0,3.2161088480400513,7.9810304429984615
1782478625.958777,182,89,27,1,1.0331599712371826,1516,0,1515,0,3.2161088480400513,7.9810304429984615
1782478626.4631977,183,93,27,1,1.1190879344940186,1506,0,1550,0,3.2161088480400513,7.9810304429984615
1782478626.9680438,186,97,27,1,1.2050156593322754,1537,0,1519,0,3.2161088480400513,7.9810304429984615
1782478627.4727056,182,99,27,1,1.1665363311767578,1550,0,1515,0,3.2161088480400513,7.9810304429984615
1782478627.9784014,177,94,27,1,1.1488876342773438,1509,0,1520,0,3.2161088480400513,7.9810304429984615
1782478628.4837127,177,94,27,1,1.1772408485412598,1509,0,1520,0,3.2161088480400513,7.9810304429984615
1782478628.9889855,178,94,27,1,1.1772408485412598,1505,0,1516,0,3.2161088480400513,7.9810304429984615
1782478629.493703,181,89,27,1,1.2212176322937012,1503,0,1515,0,3.2161088480400513,7.9810304429984615
1782478629.9993856,181,92,27,1,1.2738738059997559,1527,0,1530,0,3.2161088480400513,7.9810304429984615
1782478630.504106,183,96,27,1,1.2915222644805908,1503,0,1543,0,3.2161088480400513,7.9810304429984615
1782478631.0088966,183,97,27,1,1.308013677597046,1517,0,1545,0,3.2161088480400513,7.9810304429984615
1782478631.5138245,181,100,27,1,1.305988073348999,1527,0,1529,0,3.2161088480400513,7.9810304429984615
1782478632.0179856,180,100,27,1,1.305988073348999,1534,0,1543,0,3.2161088480400513,7.9810304429984615
1782478632.5219512,180,97,27,1,1.276477575302124,1496,0,1504,0,3.2161088480400513,7.9810304429984615
1782478633.0262983,180,90,27,1,1.2076196670532227,1479,0,1482,0,3.2161088480400513,7.9810304429984615
1782478633.5328994,180,90,27,1,1.2076196670532227,1479,0,1482,0,3.2161088480400513,7.9810304429984615
1782478634.0376627,180,84,27,1,1.1569888591766357,1475,0,1481,0,3.2161088480400513,7.9810304429984615
1782478634.5420063,180,85,27,1,1.1702978610992432,1487,0,1489,0,3.2161088480400513,7.9810304429984615
1782478635.0466616,181,91,27,1,1.2440741062164307,1502,0,1519,0,3.2161088480400513,7.9810304429984615
1782478635.5518234,180,92,27,1,1.248992681503296,1501,0,1502,0,3.2161088480400513,7.9810304429984615
1782478636.0569987,179,84,27,1,1.1720333099365234,1472,0,1476,0,3.2161088480400513,7.9810304429984615
1782478636.561687,179,85,27,1,1.1836063861846924,1484,0,1489,0,3.2161088480400513,7.9810304429984615
1782478637.0663223,180,88,27,1,1.2313439846038818,1483,0,1500,0,3.2161088480400513,7.9810304429984615
1782478637.5708659,180,89,27,1,1.232790470123291,1495,0,1503,0,3.2161088480400513,7.9810304429984615
1782478638.0757189,180,98,27,1,1.3462038040161133,1495,0,1503,0,3.2161088480400513,7.9810304429984615
1782478638.5803537,179,98,27,1,1.3462038040161133,1537,0,1528,0,3.2161088480400513,7.9810304429984615
1782478639.0840826,178,100,27,1,1.4023315906524658,1548,0,1538,0,3.2161088480400513,7.9810304429984615
1782478639.587588,179,100,27,1,1.427213191986084,1510,0,1522,0,3.2161088480400513,7.9810304429984615
1782478640.09241,177,96,27,1,1.3598015308380127,1508,0,1481,0,3.2161088480400513,7.9810304429984615
1782478640.5962598,176,86,27,1,1.2582502365112305,1480,0,1461,0,3.2161088480400513,7.9810304429984615
1782478641.1011407,176,84,27,1,1.2518854141235352,1482,0,1475,0,3.2161088480400513,7.9810304429984615
1782478641.6065447,179,95,27,1,1.4098539352416992,1534,0,1539,0,3.2161088480400513,7.9810304429984615
1782478642.1113448,179,98,27,1,1.4541199207305908,1545,0,1546,0,3.2161088480400513,7.9810304429984615
1782478642.6158726,179,101,27,1,1.500121831893921,1545,0,1546,0,3.2161088480400513,7.9810304429984615
1782478643.1204057,179,100,27,1,1.516901969909668,1541,0,1539,0,3.2161088480400513,7.9810304429984615
1782478643.6259232,179,100,27,1,1.516901969909668,1544,0,1537,0,3.2161088480400513,7.9810304429984615
1782478644.1307905,183,98,27,1,1.512272834777832,1493,0,1543,0,3.2161088480400513,7.9810304429984615
1782478644.634705,182,95,27,1,1.466271162033081,1493,0,1507,0,3.2161088480400513,7.9810304429984615
1782478645.139106,180,79,27,1,1.3045415878295898,1435,0,1436,0,3.2161088480400513,7.9810304429984615
