time,heading,target_bearing,nav_bearing,wp_dist,xtrack_error,servo1,servo2
1782397597.8658729,140,144,0,1,0.0,1501,0
1782397598.8760257,143,142,0,1,-0.06165913864970207,1507,0
1782397599.8841605,147,144,0,1,-0.0018002688884735107,1551,0
1782397600.8923867,146,145,0,1,0.04734700918197632,1591,0
1782397601.9019656,145,145,0,1,0.026103869080543518,1592,0
1782397602.9117985,145,143,0,1,-0.03825566917657852,1609,0
1782397603.9202578,145,142,0,1,-0.0468069463968277,1625,0
1782397604.9296038,145,141,0,0,-0.0458168089389801,1610,0
1782397605.939643,144,138,0,0,-0.06039893627166748,1538,0
1782397606.9492157,145,26,26,9,-0.02083098515868187,1465,0
1782397607.9614398,136,23,23,9,-0.4921325743198395,1192,0
1782397608.970972,119,24,24,9,-0.36425328254699707,1196,0
1782397609.9821677,78,24,24,9,-0.2068634182214737,1235,0
1782397610.993082,44,24,24,9,-0.23348082602024078,1285,0
1782397612.003339,19,25,25,9,-0.1093626469373703,1503,0
1782397613.01268,5,25,25,9,-0.14552760124206543,1726,0
1782397614.0218468,6,26,25,9,0.08679589629173279,1889,0
1782397615.0313816,7,27,25,8,0.2077314257621765,1920,0
1782397616.0420392,9,32,25,7,0.7516518831253052,1999,0
1782397617.0514355,13,41,25,5,1.343888759613037,1951,0
1782397618.0596354,16,55,25,3,1.7049596309661865,1874,0
1782397619.0678604,19,91,25,2,2.0359413623809814,1736,0
1782397620.076731,23,125,25,2,2.121290683746338,1615,0
1782397621.086381,30,143,25,2,2.1120331287384033,1548,0
1782397622.0955346,56,149,25,2,1.9714231491088867,1510,0
1782397623.1047413,82,141,25,2,2.253220796585083,1709,0
1782397624.1134791,85,128,25,3,3.074887752532959,1772,0
1782397625.1228075,105,127,25,3,3.1796212196350098,1838,0
1782397626.133567,127,128,25,2,2.846325397491455,1778,0
1782397627.1440353,133,127,25,2,2.293146848678589,1707,0
1782397628.1540074,142,122,25,1,1.5400478839874268,1611,0
1782397629.1618893,142,112,25,1,1.110119104385376,1578,0
1782397630.1708927,152,95,25,0,0.7863707542419434,1511,0
1782397631.179934,154,69,25,0,0.4791131019592285,1467,0
1782397632.189476,156,84,25,0,0.6509690284729004,1489,0
1782397633.1990225,157,99,25,0,0.8225357532501221,1516,0
1782397634.2070186,158,96,25,0,0.8028616905212402,1477,0
1782397635.2162082,159,102,25,0,0.8737454414367676,1530,0
1782397636.2262537,158,116,25,1,1.1063580513000488,1560,0
1782397637.2346196,156,109,25,0,0.954465389251709,1516,0
1782397638.2454312,154,97,25,0,0.8260071277618408,1502,0
1782397639.255353,151,86,25,0,0.654151439666748,1472,0
1782397640.2650898,145,78,25,0,0.6098856925964355,1470,0
1782397641.274415,141,68,25,0,0.4441056251525879,1460,0
1782397642.2855089,136,59,25,0,0.39665722846984863,1452,0
1782397643.2943256,134,64,25,0,0.44121241569519043,1479,0
1782397644.3030412,128,74,25,0,0.5352413654327393,1482,0
1782397645.312394,124,67,25,0,0.46927642822265625,1458,0
1782397646.3223941,123,55,25,0,0.2867159843444824,1481,0
1782397647.3333156,115,90,25,0,0.825139045715332,1590,0
1782397648.342752,116,92,25,1,0.9246652126312256,1561,0
1782397649.3538983,116,64,25,0,0.31420135498046875,1445,0
1782397650.3634593,115,40,25,0,0.09345030784606934,1486,0
1782397651.3720512,111,69,25,0,0.3555741310119629,1513,0
1782397652.3807058,110,43,25,0,0.10994195938110352,1511,0
1782397653.389862,108,40,25,0,0.08997869491577148,1474,0
1782397654.3996747,105,152,25,0,0.03819012641906738,1482,0
1782397655.4092324,112,151,25,9,-0.3471612334251404,1753,0
1782397656.418986,131,151,25,9,-0.4138950705528259,1932,0
1782397657.4273443,141,153,25,8,-0.1516748070716858,1978,0
1782397658.437106,145,154,25,6,0.041925787925720215,2000,0
1782397659.446638,147,155,25,5,0.1484823226928711,2000,0
1782397660.4560275,151,159,25,3,0.30146265029907227,1887,0
1782397661.465131,151,177,25,1,0.5085554122924805,1927,0
1782397662.473924,153,190,25,0,0.524078369140625,1704,0
1782397663.482575,153,251,25,0,0.5066702365875244,1630,0
1782397664.4901628,163,302,25,0,0.4498732089996338,1557,0
1782397665.4999082,176,312,25,1,0.42056918144226074,1514,0
1782397666.5116389,193,313,25,1,0.4041750431060791,1629,0
1782397667.5219223,209,310,25,0,0.3903205394744873,1575,0
1782397668.5308874,228,304,25,0,0.47410058975219727,1577,0
1782397669.5417213,239,302,25,0,0.47352051734924316,1596,0
1782397670.5496182,253,302,25,0,0.498981237411499,1617,0
1782397671.5589895,257,305,25,0,0.43406009674072266,1581,0
1782397672.5685394,262,327,25,0,0.06825685501098633,1503,0
1782397673.5781984,268,358,25,0,-0.21021175384521484,1578,0
1782397674.5881977,280,5,25,0,-0.2848522663116455,1539,0
1782397675.5985816,289,0,25,0,-0.24299860000610352,1561,0
1782397676.608444,297,354,25,0,-0.17684483528137207,1543,0
1782397677.617536,301,49,25,0,-0.46974897384643555,1481,0
1782397678.626416,303,66,25,0,-0.5576632022857666,1570,0
1782397679.6359181,307,349,25,0,-0.1909172534942627,1683,0
1782397680.6442378,308,4,25,0,-0.302478551864624,1657,0
1782397681.6544216,311,34,25,0,-0.4218745231628418,1517,0
1782397682.6642258,314,105,25,1,-0.7727353572845459,1453,0
1782397683.6737268,319,102,25,0,-0.7218146324157715,1576,0
1782397684.684157,328,102,25,0,-0.6362934112548828,1611,0
1782397685.6938255,329,100,25,0,-0.6994004249572754,1588,0
1782397686.703161,344,94,25,0,-0.6715466976165771,1546,0
1782397687.713004,355,86,25,0,-0.6934525966644287,1602,0
1782397688.7222118,5,110,25,0,-0.6046671867370605,1586,0
1782397689.7313712,19,115,25,0,-0.5657875537872314,1601,0
1782397690.7411435,20,113,25,0,-0.5803673267364502,1599,0
1782397691.7495403,30,117,25,0,-0.5493943691253662,1562,0
1782397692.7620196,43,118,25,0,-0.5178406238555908,1590,0
1782397693.7719927,52,126,25,0,-0.42434072494506836,1557,0
1782397694.7816174,58,129,25,0,-0.36428022384643555,1574,0
1782397695.7905228,70,140,25,0,-0.17981886863708496,1511,0
1782397696.799182,77,147,25,0,-0.0851583480834961,1534,0
1782397697.8072023,83,140,25,0,-0.20041942596435547,1579,0
1782397698.815835,94,138,25,0,-0.22167301177978516,1553,0
1782397699.8240745,96,139,25,0,-0.19983911514282227,1556,0
1782397700.8337297,106,158,25,0,0.05193638801574707,1500,0
1782397701.843407,109,152,25,0,-0.015450477600097656,1544,0
1782397702.8521202,114,142,25,0,-0.1464519500732422,1563,0
1782397703.86082,113,166,25,0,0.11192464828491211,1517,0
1782397704.8698573,113,163,25,0,0.08704400062561035,1536,0
1782397705.8794088,119,161,25,0,0.06397771835327148,1505,0
1782397706.8889334,118,214,25,0,0.2883336544036865,1475,0
1782397707.8989346,119,183,25,0,0.18039917945861816,1531,0
1782397708.907678,120,169,25,0,0.11613154411315918,1521,0
1782397709.9159806,120,164,25,0,0.09067106246948242,1544,0
1782397710.9271915,122,165,25,0,0.09553098678588867,1546,0
1782397711.9371085,123,191,25,0,0.20099949836730957,1510,0
1782397712.947005,124,182,25,0,0.18344569206237793,1531,0
1782397713.9555268,125,167,25,0,0.11250472068786621,1538,0
1782397714.9664414,126,194,25,0,0.21434640884399414,1491,0
1782397715.9762857,124,215,25,0,0.3132140636444092,1511,0
1782397716.985687,126,187,25,0,0.15972614288330078,1504,0
1782397717.9960732,129,177,25,0,0.1470322608947754,1485,0
1782397719.007444,128,181,25,0,0.1476123332977295,1503,0
1782397720.0165875,128,199,25,0,0.23617982864379883,1501,0
1782397721.026651,128,198,25,0,0.21311306953430176,1504,0
1782397722.036995,129,210,25,0,0.24524712562561035,1506,0
1782397723.0467236,127,187,25,0,0.18583941459655762,1522,0
1782397724.0542881,125,172,25,0,0.13615155220031738,1538,0
1782397725.0646906,126,185,25,0,0.19374585151672363,1529,0
1782397726.073659,127,204,25,0,0.23494648933410645,1501,0
1782397727.084949,128,228,25,0,0.30588769912719727,1496,0
1782397728.0957873,128,215,25,0,0.2901475429534912,1510,0
1782397729.1076555,128,193,25,0,0.24045968055725098,1529,0
1782397730.1171472,128,218,25,0,0.2919604778289795,1475,0
1782397731.1262546,131,234,25,0,0.37748146057128906,1491,0
1782397732.1374228,127,191,25,0,0.32184624671936035,1553,0
1782397733.1455505,129,170,25,0,0.18663716316223145,1559,0
1782397734.157204,130,180,25,0,0.2527182102203369,1537,0
1782397735.168966,130,192,25,0,0.32365942001342773,1525,0
1782397736.179157,129,228,25,0,0.4564018249511719,1474,0
1782397737.188454,130,253,25,0,0.490276575088501,1470,0
1782397738.1987998,129,252,25,0,0.4769301414489746,1462,0
1782397739.208051,130,222,25,0,0.4309413433074951,1506,0
1782397740.2159066,129,202,25,0,0.3776271343231201,1502,0
1782397741.2253718,129,249,25,0,0.5048563480377197,1421,0
