time,heading,target_bearing,nav_bearing,wp_dist,xtrack_error,servo1,servo2,servo3,servo4,x,y
1782469714.3870513,147,146,146,2,0.0,1486,0,1538,0,1,1
1782469714.8943992,147,146,146,2,0.0,1486,0,1529,0,1,1
1782469715.4002898,146,147,147,2,0.0,1507,0,1498,0,1,1
1782469715.9063206,144,147,147,2,0.0,1537,0,1485,0,1,1
1782469716.410195,144,147,147,2,0.0,1535,0,1497,0,1,1
1782469716.9151902,144,147,147,2,0.0,1514,0,1492,0,1,1
1782469717.4198434,145,146,146,1,0.0,1482,0,1482,0,1,1
1782469717.925188,146,146,146,1,0.0,1473,0,1483,0,1,1
1782469718.4297733,146,197,31,10,0.0034211608581244946,1506,0,1492,0,1,1
1782469718.9336643,146,197,31,10,0.013900963589549065,1506,0,1492,0,1,1
1782469719.4385948,146,197,31,10,0.006842321716248989,1548,0,1452,0,1,1
1782469719.9438798,146,197,31,10,0.006842321716248989,1583,0,1417,0,1,1
1782469720.44834,149,197,31,10,-0.014117284677922726,1616,0,1384,0,1,1
1782469720.9530187,154,197,31,10,-0.042135532945394516,1680,0,1374,0,1,1
1782469721.4569845,159,197,31,10,-0.05603650212287903,1760,0,1372,0,1,1
1782469721.9617882,162,197,31,10,-0.04897785186767578,1865,0,1353,0,1,1
1782469722.4677854,165,197,31,10,-0.02117592841386795,1946,0,1375,0,1,1
1782469722.9732444,189,198,31,9,0.045733049511909485,1893,0,1719,0,1,1
1782469723.4788706,193,198,31,9,0.07137176394462585,1970,0,1741,0,1,1
1782469723.9840553,193,198,31,9,0.07137176394462585,1970,0,1741,0,1,1
1782469724.489123,193,198,31,8,0.13161474466323853,2000,0,1794,0,1,1
1782469725.001782,195,198,31,8,0.14504307508468628,2000,0,1833,0,1,1
1782469725.5049517,196,199,31,6,0.1585676670074463,2000,0,1829,0,1,1
1782469726.0097356,198,199,31,6,0.1463172435760498,2000,0,1831,0,1,1
1782469726.5150394,200,198,31,4,0.04668688774108887,1944,0,1794,0,1,1
1782469727.0195453,201,198,31,4,0.02694535255432129,1893,0,1746,0,1,1
1782469727.5241337,202,195,31,2,-0.12976336479187012,1776,0,1671,0,1,1
1782469728.028803,203,193,31,2,-0.18414974212646484,1776,0,1671,0,1,1
1782469728.5326083,203,193,31,2,-0.18414974212646484,1732,0,1641,0,1,1
1782469729.0367556,205,175,31,0,-0.34406304359436035,1588,0,1551,0,1,1
1782469729.5417144,204,160,31,0,-0.37554240226745605,1590,0,1469,0,1,1
1782469730.047916,203,63,31,0,-0.5433402061462402,1416,0,1389,0,1,1
1782469730.5519035,203,57,31,0,-0.6015400886535645,1373,0,1368,0,1,1
1782469731.0560634,201,50,31,1,-0.6890561580657959,1432,0,1404,0,1,1
1782469731.561562,199,52,31,1,-0.6847693920135498,1526,0,1474,0,1,1
1782469732.0667002,202,55,31,1,-0.6518158912658691,1490,0,1510,0,1,1
1782469732.5733018,203,55,31,1,-0.65887451171875,1468,0,1532,0,1,1
1782469733.079975,203,52,31,1,-0.7311913967132568,1468,0,1532,0,1,1
1782469733.584256,205,52,31,1,-0.7311913967132568,1476,0,1524,0,1,1
1782469734.0900102,204,49,31,1,-0.7361278533935547,1493,0,1507,0,1,1
1782469734.5943651,202,48,31,1,-0.786186933517456,1450,0,1550,0,1,1
1782469735.099782,200,49,31,1,-0.7966668605804443,1472,0,1528,0,1,1
1782469735.6041508,196,50,31,1,-0.8285386562347412,1425,0,1575,0,1,1
1782469736.1086137,195,48,31,1,-0.7898247241973877,1478,0,1522,0,1,1
1782469736.612309,188,45,31,1,-0.8095264434814453,1455,0,1545,0,1,1
1782469737.1164548,185,45,31,1,-0.8379769325256348,1426,0,1574,0,1,1
1782469737.6208975,185,44,31,1,-0.8531763553619385,1426,0,1574,0,1,1
1782469738.1247516,182,44,31,1,-0.8531763553619385,1403,0,1597,0,1,1
1782469738.6299932,179,44,31,1,-0.8784222602844238,1391,0,1609,0,1,1
1782469739.1355054,172,45,31,1,-0.9066567420959473,1413,0,1587,0,1,1
1782469739.6404202,168,43,31,1,-0.8679418563842773,1445,0,1555,0,1,1
1782469740.1441336,158,37,31,2,-0.6938560009002686,1377,0,1623,0,1,1
1782469740.6487906,157,35,31,2,-0.6453108787536621,1362,0,1638,0,1,1
1782469741.1537588,151,34,31,2,-0.6320586204528809,1351,0,1649,0,1,1
1782469741.6591573,144,35,31,2,-0.6566555500030518,1369,0,1631,0,1,1
1782469742.162595,127,37,31,2,-0.7370734214782715,1369,0,1631,0,1,1
1782469742.666993,127,37,31,2,-0.7370734214782715,1377,0,1623,0,1,1
1782469743.1728384,121,38,31,2,-0.7543952465057373,1409,0,1616,0,1,1
1782469743.6778588,101,38,31,2,-0.7576000690460205,1422,0,1653,0,1,1
1782469744.1820846,95,37,31,2,-0.7011306285858154,1428,0,1637,0,1,1
1782469744.6882975,81,34,31,2,-0.5950348377227783,1443,0,1664,0,1,1
1782469745.1934164,76,33,31,1,-0.5349276065826416,1456,0,1634,0,1,1
1782469745.6982496,66,30,31,1,-0.3967432975769043,1442,0,1655,0,1,1
1782469746.2026842,65,28,31,1,-0.3366367816925049,1429,0,1659,0,1,1
1782469746.707783,55,24,31,1,-0.17983245849609375,1485,0,1590,0,1,1
1782469747.213045,53,24,31,1,-0.17212462425231934,1485,0,1590,0,1,1
1782469747.7178946,53,24,31,1,-0.17212462425231934,1482,0,1581,0,1,1
1782469748.2227485,45,16,31,1,0.0212709903717041,1426,0,1552,0,1,1
1782469748.7278206,46,13,31,1,0.0747518539428711,1379,0,1590,0,1,1
1782469749.2322273,46,7,31,0,0.17101716995239258,1386,0,1565,0,1,1
1782469749.7363958,42,5,31,0,0.19925165176391602,1429,0,1552,0,1,1
1782469750.241839,36,17,31,0,0.0056798458099365234,1543,0,1477,0,1,1
1782469750.747645,33,21,31,0,-0.05719900131225586,1514,0,1500,0,1,1
1782469751.2528791,31,22,31,0,-0.060187578201293945,1482,0,1530,0,1,1
1782469751.758033,32,20,31,0,-0.03515791893005371,1482,0,1530,0,1,1
1782469752.2620494,32,20,31,0,-0.03515791893005371,1424,0,1566,0,1,1
1782469752.766873,29,17,31,0,0.0052874088287353516,1476,0,1502,0,1,1
1782469753.2712553,30,21,31,0,-0.029789447784423828,1492,0,1496,0,1,1
1782469753.7761624,27,30,31,0,-0.12111926078796387,1501,0,1496,0,1,1
1782469754.2804954,26,29,31,0,-0.10700225830078125,1487,0,1514,0,1,1
1782469754.784668,28,26,31,0,-0.08604216575622559,1469,0,1551,0,1,1
1782469755.2891088,28,26,31,0,-0.08604216575622559,1502,0,1529,0,1,1
1782469755.7934823,25,33,31,0,-0.18551254272460938,1554,0,1512,0,1,1
1782469756.297513,25,34,31,0,-0.18871736526489258,1554,0,1512,0,1,1
1782469756.802311,25,34,31,0,-0.18871736526489258,1531,0,1517,0,1,1
1782469757.307116,27,33,31,0,-0.15641260147094727,1515,0,1533,0,1,1
1782469757.8112369,27,33,31,0,-0.14550018310546875,1515,0,1518,0,1,1
1782469758.3158848,27,35,31,0,-0.13779258728027344,1525,0,1511,0,1,1
1782469758.81965,27,36,31,0,-0.14463520050048828,1523,0,1507,0,1,1
1782469759.323845,27,39,31,0,-0.14783930778503418,1530,0,1502,0,1,1
1782469759.8289125,27,40,31,0,-0.14762330055236816,1534,0,1492,0,1,1
1782469760.333687,29,53,31,0,-0.11765789985656738,1481,0,1484,0,1,1
1782469760.8384027,30,26,31,0,-0.11765789985656738,1466,0,1489,0,1,1
1782469761.3426917,30,26,31,0,-0.11765789985656738,1466,0,1489,0,1,1
1782469761.8466666,30,26,31,9,-0.019513800740242004,1508,0,1518,0,1,1
1782469762.3506994,30,26,31,9,-0.0327603742480278,1525,0,1573,0,1,1
1782469762.85451,31,26,31,9,-0.050840891897678375,1606,0,1697,0,1,1
1782469763.3588083,30,26,31,9,-0.03902760148048401,1701,0,1729,0,1,1
1782469763.8636782,25,26,31,8,0.002314448356628418,1878,0,1855,0,1,1
1782469764.3680105,26,26,31,8,0.01841852068901062,1915,0,1922,0,1,1
1782469764.872837,27,26,31,6,0.003177642822265625,1978,0,1984,0,1,1
1782469765.3770025,27,26,31,6,-0.012944459915161133,1968,0,1968,0,1,1
1782469765.8835359,27,26,31,5,-0.04304301738739014,1968,0,1968,0,1,1
1782469766.3890386,27,26,31,5,-0.04304301738739014,1897,0,1897,0,1,1
1782469766.8936577,27,26,31,4,-0.04717385768890381,1853,0,1859,0,1,1
1782469767.3990166,27,24,31,2,-0.08928132057189941,1701,0,1710,0,1,1
1782469767.9040143,27,23,31,1,-0.10540294647216797,1656,0,1663,0,1,1
1782469768.4089026,26,332,31,0,-0.14302372932434082,1507,0,1533,0,1,1
1782469768.9139943,26,156,156,9,0.31132805347442627,1468,0,1471,0,1,1
1782469769.419117,26,158,158,9,0.8030551671981812,1360,0,1373,0,1,1
1782469769.9254482,26,159,159,9,0.9608953595161438,1396,0,1286,0,1,1
1782469770.4303625,30,160,160,9,1.1369421482086182,1553,0,1118,0,1,1
1782469770.9364178,30,160,160,9,1.1369421482086182,1553,0,1118,0,1,1
1782469771.4417992,35,160,160,9,1.1764023303985596,1559,0,1111,0,1,1
1782469771.9473636,59,161,161,9,1.199468970298767,1731,0,1269,0,1,1
1782469772.4513004,67,160,160,9,1.1581954956054688,1739,0,1261,0,1,1
1782469772.9556406,101,159,159,9,0.942180871963501,1740,0,1260,0,1,1
1782469773.460974,112,159,159,9,0.8536134958267212,1763,0,1237,0,1,1
1782469773.9674568,133,158,158,10,0.7274720072746277,1730,0,1270,0,1,1
1782469774.4721496,146,158,158,10,0.686851441860199,1631,0,1369,0,1,1
1782469774.9765794,171,157,157,10,0.6698777675628662,1509,0,1491,0,1,1
1782469775.4798603,173,157,157,10,0.6698777675628662,1531,0,1545,0,1,1
1782469775.9847898,173,157,157,10,0.6698777675628662,1531,0,1545,0,1,1
1782469776.489215,173,157,157,10,0.6777843236923218,1606,0,1692,0,1,1
1782469776.994289,173,157,157,10,0.6680643558502197,1631,0,1767,0,1,1
1782469777.498276,170,157,157,9,0.5416325926780701,1780,0,1919,0,1,1
1782469778.002431,170,156,157,9,0.45531368255615234,1823,0,1951,0,1,1
1782469778.5068855,168,154,157,8,0.08319944143295288,1899,0,2000,0,1,1
1782469779.0120497,168,153,157,7,-0.055998802185058594,1895,0,2000,0,1,1
1782469779.5169375,167,149,157,6,-0.48157262802124023,1862,0,1973,0,1,1
1782469780.023342,165,147,157,5,-0.6336098909378052,1862,0,1973,0,1,1
1782469780.5272121,165,147,157,5,-0.6336098909378052,1833,0,1972,0,1,1
1782469781.0312614,161,140,157,3,-0.9252080917358398,1768,0,1871,0,1,1
1782469781.5361903,161,137,157,3,-1.0122523307800293,1739,0,1865,0,1,1
1782469782.0409591,162,128,157,2,-1.1874287128448486,1658,0,1853,0,1,1
1782469782.5472054,160,122,157,2,-1.266566276550293,1616,0,1772,0,1,1
1782469783.0524528,157,99,157,1,-1.3399736881256104,1494,0,1701,0,1,1
1782469783.5565436,153,87,157,1,-1.355351209640503,1420,0,1656,0,1,1
1782469784.0628529,151,43,157,1,-1.4038786888122559,1218,0,1591,0,1,1
1782469784.5669155,153,36,157,1,-1.4130909442901611,1218,0,1591,0,1,1
1782469785.0705454,153,36,157,1,-1.4130909442901611,1205,0,1571,0,1,1
1782469785.5735402,140,37,157,1,-1.3887903690338135,1370,0,1630,0,1,1
1782469786.0776048,138,44,157,1,-1.4238989353179932,1338,0,1662,0,1,1
1782469786.581508,124,50,157,1,-1.4638667106628418,1440,0,1619,0,1,1
1782469787.0864215,117,50,157,1,-1.4790263175964355,1398,0,1673,0,1,1
1782469787.5916276,111,49,157,1,-1.4371726512908936,1400,0,1656,0,1,1
1782469788.0960865,104,49,157,1,-1.412292718887329,1444,0,1629,0,1,1
1782469788.6005006,87,47,157,1,-1.3291654586791992,1452,0,1643,0,1,1
1782469789.1050649,84,48,157,1,-1.3012385368347168,1474,0,1633,0,1,1
1782469789.6099794,84,46,157,1,-1.1088709831237793,1474,0,1633,0,1,1
1782469790.1152592,69,46,157,1,-1.1088709831237793,1485,0,1590,0,1,1
1782469790.6202736,68,43,157,1,-1.035463809967041,1418,0,1636,0,1,1
1782469791.1242106,64,33,157,0,-0.6276617050170898,1443,0,1522,0,1,1
1782469791.6287534,63,32,157,0,-0.5451145172119141,1437,0,1519,0,1,1
1782469792.1337194,62,29,157,0,-0.4097607135772705,1432,0,1506,0,1,1
1782469792.6381257,59,26,157,0,-0.3782072067260742,1435,0,1508,0,1,1
1782469793.14316,52,21,157,0,-0.3381669521331787,1426,0,1506,0,1,1
1782469793.6482139,49,18,157,0,-0.28354644775390625,1421,0,1501,0,1,1
1782469794.1538076,49,14,157,0,-0.2568528652191162,1421,0,1501,0,1,1
1782469794.6583846,49,14,157,0,-0.2568528652191162,1413,0,1526,0,1,1
1782469795.1626408,48,16,157,0,-0.2701997756958008,1434,0,1519,0,1,1
1782469795.6665576,43,26,157,0,-0.43406057357788086,1479,0,1545,0,1,1
1782469796.1704447,42,27,157,0,-0.47533416748046875,1482,0,1549,0,1,1
1782469796.674474,40,30,157,0,-0.5250942707061768,1508,0,1541,0,1,1
1782469797.1789503,39,31,157,0,-0.5499746799468994,1514,0,1544,0,1,1
1782469797.6842933,36,36,157,0,-0.5110950469970703,1509,0,1503,0,1,1
1782469798.1888072,35,34,157,0,-0.4218745231628418,1467,0,1529,0,1,1
1782469798.692997,40,30,157,0,-0.400040864944458,1467,0,1529,0,1,1
1782469799.1973662,40,30,157,0,-0.400040864944458,1470,0,1576,0,1,1
1782469799.7029364,38,30,157,0,-0.4395008087158203,1521,0,1553,0,1,1
1782469800.2081716,36,36,157,0,-0.616708517074585,1570,0,1542,0,1,1
1782469800.7138264,36,41,157,0,-0.6191024780273438,1589,0,1506,0,1,1
1782469801.2188873,35,47,157,0,-0.5504817962646484,1515,0,1553,0,1,1
1782469801.72273,36,50,157,0,-0.5128357410430908,1554,0,1512,0,1,1
1782469802.2267501,39,52,157,0,-0.3938751220703125,1535,0,1506,0,1,1
1782469802.7323592,38,56,157,0,-0.37929511070251465,1550,0,1490,0,1,1
1782469803.2370925,38,84,157,0,-0.20992207527160645,1499,0,1473,0,1,1
1782469803.7412171,38,38,38,0,0.0,1499,0,1473,0,1,1
1782469804.2453635,39,38,38,0,0.0,1480,0,1488,0,1,1
