time,heading,target_bearing,nav_bearing,wp_dist,xtrack_error,servo1,servo2,servo3,servo4,x,y,distance
1782480105.9634137,316,-43,-43,2,0.0,1449,0,1448,0,6.629391617651313,1.51631095294861,2.0439584740880634
1782480106.4676025,316,-43,-43,2,0.0,1465,0,1451,0,6.629391617651313,1.51631095294861,2.0439584740880634
1782480106.9717996,316,257,23,6,0.028188245370984,1454,0,1514,0,6.629391617651313,1.51631095294861,2.0439584740880634
1782480107.4783216,316,258,23,6,0.1187742352485656,1420,0,1588,0,6.629391617651313,1.51631095294861,2.0439584740880634
1782480107.9822855,314,259,23,6,0.2516425848007202,1407,0,1653,0,6.629391617651313,1.51631095294861,2.0439584740880634
1782480108.4875212,313,260,23,7,0.4094700515270233,1385,0,1709,0,6.629391617651313,1.51631095294861,2.0439584740880634
1782480108.9918773,311,261,23,7,0.5173792839050293,1385,0,1709,0,6.629391617651313,1.51631095294861,2.0439584740880634
1782480109.4968908,311,261,23,7,0.5672975778579712,1357,0,1736,0,6.629391617651313,1.51631095294861,2.0439584740880634
1782480110.0011475,306,261,23,7,0.5672975778579712,1320,0,1694,0,6.629391617651313,1.51631095294861,2.0439584740880634
1782480110.5065343,299,262,23,7,0.5749334096908569,1323,0,1701,0,6.629391617651313,1.51631095294861,2.0439584740880634
1782480111.0103009,293,261,23,7,0.5451305508613586,1319,0,1782,0,4.926640119449941,1.061333935864315,3.2514567010483026
1782480111.5154293,289,261,23,7,0.4855248928070068,1325,0,1843,0,4.159712036120332,0.9247221605635776,3.950053508467501
1782480112.0196614,283,260,23,6,0.3912727534770965,1380,0,1872,0,3.31147150138143,0.7557580002457829,4.749049340372661
1782480112.525636,276,260,23,6,0.3263863623142242,1488,0,1856,0,2.549499653691345,0.6067731876026269,5.484170650727803
1782480113.0295832,270,259,23,6,0.2735425233840942,1593,0,1852,0,1.75383847441929,0.4354980272141953,6.261325126149592
1782480113.5331533,264,259,23,6,0.2055969685316085,1660,0,1882,0,0.9243904990083124,0.2043215546714045,7.0785589711626455
1782480114.0365827,264,259,23,5,0.1546711772680282,1719,0,1909,0,0.1293527864457876,-0.0086259812005318,7.870651940454511
1782480114.540551,262,259,23,5,0.1546711772680282,1765,0,1946,0,0.0055341152104562,-0.0419476522987299,7.994575935507601
1782480115.0447073,257,258,23,4,0.0568256974220275,1767,0,1909,0,0.0055341152104562,-0.0419476522987299,7.994575935507601
1782480115.5498805,256,258,23,3,0.0468711853027343,1752,0,1892,0,0.0055341152104562,-0.0419476522987299,7.994575935507601
1782480116.0553367,255,257,23,2,-0.0039817690849304,1647,0,1798,0,0.0055341152104562,-0.0419476522987299,7.994575935507601
1782480116.5604296,254,256,23,2,-0.0187801718711853,1602,0,1758,0,0.0055341152104562,-0.0419476522987299,7.994575935507601
1782480117.0654852,254,258,23,1,0.0232715606689453,1523,0,1639,0,0.0055341152104562,-0.0419476522987299,7.994575935507601
1782480117.5703957,253,261,23,0,0.044297456741333,1460,0,1598,0,0.0055341152104562,-0.0419476522987299,7.994575935507601
1782480118.075663,250,28,28,9,0.3257739543914795,1295,0,1428,0,0.0055341152104562,-0.0419476522987299,7.994575935507601
1782480118.5816429,249,29,29,9,0.5459462404251099,1306,0,1337,0,0.0055341152104562,-0.0419476522987299,7.994575935507601
1782480119.0861645,249,29,29,9,0.5459462404251099,1306,0,1337,0,0.0055341152104562,-0.0419476522987299,7.994575935507601
1782480119.5902472,253,31,31,10,0.9307414293289183,1487,0,1141,0,-0.872839833103592,-0.6973920787414992,8.90020462772633
1782480120.095709,258,31,31,10,0.978768527507782,1519,0,1154,0,-0.916130570524539,-0.7653927223065524,8.948922302154717
1782480120.6070006,272,31,31,10,0.9935238361358644,1688,0,1312,0,-0.9643292547262342,-0.6969268181981554,8.991379536926711
1782480121.1109529,280,31,31,9,0.9602519273757936,1700,0,1300,0,-0.982741379266357,-0.6207821694392361,9.004166434972078
1782480121.615484,310,31,31,9,0.8754812479019165,1695,0,1305,0,-0.94149183663561,-0.590630976070001,8.960977693003965
1782480122.1197064,322,31,31,9,0.8772172331809998,1705,0,1295,0,-0.8571997512144757,-0.522844310464804,8.872618193402621
1782480122.624499,337,29,29,10,0.5184611082077026,1782,0,1218,0,-0.7892299026654249,-0.5022307829267634,8.803567347457923
1782480123.129502,350,28,28,10,0.4588612616062164,1752,0,1248,0,-0.7074855292468466,-0.4414015890536789,8.718666159732368
1782480123.634349,350,28,28,10,0.4843213856220245,1752,0,1248,0,-0.4990018856365265,-0.2718105294198439,8.503347224238036
1782480124.139094,3,28,28,10,0.4843213856220245,1820,0,1180,0,-0.1436608286844872,0.0630156573534283,8.143904632651452
1782480124.6429625,9,29,29,10,0.5323483943939209,1774,0,1226,0,0.4396739742732227,0.6603100035652407,7.589106595383278
1782480125.1475346,37,29,29,10,0.6064141988754272,1613,0,1402,0,1.19519719721917,1.4112889547397929,6.949609895418906
1782480125.6514812,44,29,29,10,0.5763249397277832,1576,0,1477,0,2.032681964811123,2.2395356696075823,6.3737276807638334
1782480126.155583,54,28,29,9,0.4776669442653656,1567,0,1766,0,2.852108191889645,3.124159861674602,6.021724413264723
1782480126.6591778,52,28,29,9,0.4591505527496338,1630,0,1826,0,3.532120786021834,3.8520082874619215,5.89914506664936
1782480127.163664,45,27,29,9,0.2540227174758911,1800,0,1951,0,4.163025305312625,4.570123092822958,5.9672774270369695
1782480127.6680074,45,27,29,9,0.1426345705986023,1843,0,1995,0,4.72926331175766,5.253477411030457,6.188436263873268
1782480128.1721456,45,25,29,8,-0.1614405214786529,1843,0,1995,0,5.257191658290542,5.932284476889946,6.535671098984435
1782480128.6773455,45,25,29,8,-0.1614405214786529,1856,0,1999,0,5.627146629888633,6.454599099835209,6.876938465308699
1782480129.183091,45,23,29,7,-0.3538380861282348,1844,0,1991,0,5.852451371453537,6.813850185824404,7.144264795402748
1782480129.6887236,42,16,29,5,-1.0204308032989502,1755,0,1921,0,6.03450909208497,7.158755657920086,7.423674095681968
1782480130.1938083,42,12,29,5,-1.1948904991149902,1721,0,1930,0,6.160188430779125,7.457869699955856,7.681453447867703
1782480130.6988237,40,0,29,3,-1.680367946624756,1626,0,1874,0,6.266507384607919,7.762988372261417,7.95418035472448
1782480131.2037065,39,354,29,3,-1.807668685913086,1583,0,1854,0,6.333503863059739,8.017714006933986,8.189074872744921
1782480131.7089162,37,331,29,2,-2.1311275959014893,1409,0,1776,0,6.331813583076137,8.07140289038479,8.241989477093576
1782480132.2143495,35,322,29,2,-2.198249340057373,1366,0,1747,0,6.294338115007636,8.031736080332244,8.210850560692629
1782480132.7188318,29,302,29,2,-2.289384365081787,1366,0,1747,0,6.317800886684342,7.941993674690384,8.118192987707427
1782480133.2227788,29,302,29,2,-2.289384365081787,1279,0,1676,0,6.438483555598292,7.757948778122939,7.913539211384257
1782480133.7268946,25,296,29,2,-2.2873592376708984,1261,0,1645,0,6.556872911872366,7.596431403231166,7.732294992852016
1782480134.2308078,14,281,29,2,-2.2263123989105225,1137,0,1609,0,6.6493457086291965,7.514085568526253,7.634510393334525
1782480134.7341049,10,277,29,2,-2.197380542755127,1121,0,1591,0,6.4837210181872935,7.634189062347646,7.783311929400967
1782480135.2382734,0,273,29,2,-2.153404474258423,1139,0,1603,0,6.384038044916627,7.662969776979062,7.831502974727866
1782480135.7419288,354,274,29,2,-2.143277883529663,1181,0,1589,0,6.227748228330947,7.658746831454888,7.861124561441854
1782480136.24612,325,277,29,2,-2.2156081199646,1284,0,1648,0,6.031290643951241,7.68472006438157,7.932889700260719
1782480136.749956,322,279,29,2,-2.3264174461364746,1283,0,1707,0,5.694263240388397,7.720466504037302,8.057420495703708
1782480137.2538054,303,284,29,2,-2.630780935287476,1449,0,1716,0,5.313101444734536,7.725133809295939,8.179065730131702
1782480137.758232,300,284,29,2,-2.660581111907959,1449,0,1716,0,5.154830670776772,7.71265374863029,8.22070656076553
1782480138.2626953,300,284,29,2,-2.660581111907959,1428,0,1727,0,5.099493620896504,7.690594286529769,8.219378184219558
1782480138.7674851,284,282,29,2,-2.370393991470337,1465,0,1681,0,5.104529967218739,7.668130570971597,8.196583017587482
1782480139.2721288,283,283,29,2,-2.330467939376831,1472,0,1687,0,4.987587124618351,7.634345030051451,8.207183156822834
1782480139.7761164,269,284,29,2,-2.046066999435425,1487,0,1621,0,4.765635852475619,7.590747544111368,8.25109445572064
1782480140.281447,269,285,29,1,-1.896488666534424,1440,0,1620,0,4.554392600395111,7.566201054991437,8.313820346673694
1782480140.786511,264,291,29,1,-1.3210322856903076,1415,0,1526,0,4.400249568059762,7.556586873606252,8.370197629125148
1782480141.2904758,265,293,29,1,-1.2394444942474363,1419,0,1535,0,4.470850782101759,7.572081605774147,8.354119585371935
1782480141.794149,261,296,29,1,-1.194310426712036,1481,0,1502,0,4.664010337442084,7.61983011515253,8.318091007705956
1782480142.2980013,258,296,29,1,-1.2058837413787842,1495,0,1487,0,4.80659574740747,7.684296104257001,8.32143240904926
1782480142.802484,258,296,29,1,-1.2058837413787842,1495,0,1487,0,4.935024331925051,7.718912410809946,8.30516012197521
1782480143.306548,256,309,29,0,-0.960829734802246,1429,0,1435,0,5.0321759549915175,7.744365416349544,8.293562278302453
1782480143.810274,256,315,29,0,-0.8508880138397217,1407,0,1430,0,5.047416736998869,7.7883256579030515,8.32921151601431
1782480144.3142197,257,327,29,0,-0.6561763286590576,1389,0,1411,0,4.958317026174569,7.771537047431899,8.34557507861897
1782480144.8185103,256,331,29,0,-0.6211683750152588,1427,0,1389,0,4.90700798878472,7.763472318001487,8.356919409316864
1782480145.3228235,254,313,29,0,-0.8361327648162842,1490,0,1446,0,4.815179911930847,7.767934619496691,8.395468256514583
1782480145.8265276,254,309,29,0,-0.8879208564758301,1482,0,1475,0,4.759319236515911,7.762043389254809,8.411380944142888
1782480146.330574,255,298,29,1,-1.0580410957336426,1554,0,1479,0,4.74473950053716,7.740213485254782,8.396881904414462
1782480146.834931,256,296,29,1,-1.1063573360443115,1554,0,1479,0,4.801210384347704,7.731354004305005,8.36696418930355
1782480147.3397388,256,296,29,1,-1.1063573360443115,1557,0,1494,0,4.847774505754673,7.776109808239786,8.390733538634938
1782480147.8441634,261,294,29,1,-1.0866835117340088,1548,0,1487,0,4.740130880340399,7.862136365832042,8.511165308713545
1782480148.349219,261,296,29,1,-1.0450217723846436,1568,0,1466,0,4.596013948110627,7.889314091789696,8.59234530732843
1782480148.853792,263,300,29,0,-0.955043077468872,1533,0,1488,0,4.415664671558508,7.898779695185144,8.67399449041691
1782480149.3583934,265,301,29,0,-0.9035444259643556,1524,0,1497,0,4.262857760627887,7.909031876400007,8.747514923634634
1782480149.862935,267,305,29,0,-0.8783736228942871,1589,0,1455,0,4.146664455677696,7.944642304460396,8.82980952019688
1782480150.3674762,270,304,29,0,-0.8966004848480225,1577,0,1491,0,4.14061623203015,7.947037661656014,8.834605291932869
1782480150.8711922,276,299,29,0,-0.9269788265228271,1532,0,1550,0,4.14061623203015,7.947037661656014,8.834605291932869
1782480151.3753104,278,298,29,0,-0.8491520881652832,1521,0,1534,0,4.14061623203015,7.947037661656014,8.834605291932869
1782480151.879088,278,298,29,0,-0.8491520881652832,1521,0,1534,0,4.14061623203015,7.947037661656014,8.834605291932869
1782480152.382913,279,307,29,0,-0.5766134262084961,1549,0,1443,0,4.14061623203015,7.947037661656014,8.834605291932869
1782480152.8868167,279,314,29,0,-0.4834523200988769,1533,0,1432,0,4.14061623203015,7.947037661656014,8.834605291932869
1782480153.3907542,283,336,29,0,-0.2574942111968994,1494,0,1429,0,4.14061623203015,7.947037661656014,8.834605291932869
1782480153.8944025,284,153,153,8,-0.0614387765526771,1413,0,1484,0,4.14061623203015,7.947037661656014,8.834605291932869
1782480154.398478,282,153,153,8,-0.0668790191411972,1301,0,1699,0,4.14061623203015,7.947037661656014,8.834605291932869
1782480154.904357,276,153,153,8,-0.0401854738593101,1302,0,1698,0,4.14061623203015,7.947037661656014,8.834605291932869
1782480155.4088247,249,154,154,8,0.0150150209665298,1289,0,1711,0,4.03323178745832,7.73693130123332,8.694558988932966
1782480155.914318,241,154,154,8,0.0150150209665298,1274,0,1726,0,4.045418490927092,7.734984301820121,8.687272130036279
1782480156.420149,241,153,153,8,-0.0905985906720161,1274,0,1726,0,4.058661367060981,7.692646313790063,8.643550053569742
1782480156.925276,210,153,153,8,-0.0905985906720161,1265,0,1735,0,4.128063136517101,7.620002738501986,8.547299971896129
1782480157.4316542,201,153,153,8,-0.1100384667515754,1232,0,1768,0,4.216668070448743,7.523887490533794,8.421548756575179
1782480157.935664,174,152,152,8,-0.232118010520935,1262,0,1738,0,4.496170037262389,7.219581850939917,8.024910373966732
1782480158.4394205,168,152,152,8,-0.2424182295799255,1280,0,1720,0,4.8424636019553295,6.8472486861369495,7.54021555890686
1782480158.9440722,143,152,152,8,-0.1938185095787048,1445,0,1555,0,5.298108981586132,6.32449940464747,6.877463761792695
1782480159.4488397,136,152,152,8,-0.1986784785985946,1469,0,1552,0,5.891916837402411,5.662004038282888,6.041713693146935
1782480159.9525447,138,152,152,8,-0.1999116241931915,1537,0,1623,0,6.470013630649262,5.0152201913458585,5.24340460560524
1782480160.4572315,136,152,152,8,-0.1793111860752105,1642,0,1608,0,7.128835744081815,4.217623000683314,4.306654262496864
1782480160.961236,136,153,152,8,-0.0793555080890655,1642,0,1608,0,7.610007848926546,3.606464070988671,3.6274890727927875
1782480161.4667852,136,154,152,7,0.0133464336395263,1823,0,1723,0,8.151780870798863,2.879311711265991,2.8833094463435502
1782480161.9711492,136,154,152,7,0.0133464336395263,1864,0,1756,0,8.625343302578555,2.201648438468115,2.288735478968451
1782480162.4755778,137,156,152,7,0.2998666763305664,1989,0,1864,0,9.072628859996351,1.575082918387418,1.9056282090410233
1782480162.9800918,138,157,152,6,0.4331169128417969,1981,0,1842,0,9.41329848716951,1.0831165704996926,1.7806049868307792
1782480163.4846528,137,163,152,5,0.8547009229660034,1988,0,1813,0,9.718050523237276,0.5508473449871555,1.8041979929806138
1782480163.989192,138,166,152,4,0.9903448820114136,1948,0,1778,0,9.884467521882623,0.2467636365274257,1.9005552171254256
1782480164.493718,140,173,152,3,1.2161520719528198,1936,0,1759,0,10.008143918869877,-0.0357594498702425,2.008462281734235
1782480164.9976394,141,177,152,3,1.3366358280181885,1897,0,1697,0,10.015966302495189,-0.0941451628275338,2.0181633839904896
1782480165.502818,143,202,152,2,1.5876133441925049,1781,0,1525,0,10.026751066077113,-0.1442298017228924,2.0318765020418286
1782480166.0092344,144,215,152,1,1.6716837882995603,1781,0,1525,0,10.028117624356485,-0.2217795133842689,2.0402076489373218
1782480166.5147705,144,215,152,1,1.6716837882995603,1736,0,1457,0,10.0380987064837,-0.2516360455493158,2.0535742101979726
1782480167.0195632,150,250,152,1,1.7955050468444824,1623,0,1339,0,10.021434964780534,-0.3403878090252072,2.0498934551264507
1782480167.5238526,151,258,152,1,1.815380573272705,1637,0,1299,0,10.015187063957338,-0.3764058603398322,2.050039090953918
1782480168.0285518,159,272,152,2,1.7981162071228027,1535,0,1258,0,9.9694155829617,-0.4211232934536723,2.0139370811178883
1782480168.5336578,164,273,152,2,1.7853493690490725,1572,0,1248,0,9.927243106091444,-0.3921612296081176,1.9667375066298876
1782480169.038354,172,274,152,2,1.7707698345184326,1657,0,1343,0,9.885580658773504,-0.3539420705461933,1.9185122908241294
1782480169.542377,181,276,152,2,1.741610050201416,1623,0,1353,0,9.71717057948354,-0.3977469429262015,1.762633662917787
1782480170.046801,198,278,152,2,1.7209370136260986,1623,0,1353,0,9.392591061627655,-0.3916888874649835,1.4466271286993053
1782480170.5535183,198,280,152,2,1.6948237419128418,1672,0,1309,0,9.003975799979951,-0.3481668856377124,1.0626323857289721
1782480171.058967,208,280,152,2,1.6948237419128418,1644,0,1356,0,8.676482624278568,-0.3326010809820537,0.7538250592950922
1782480171.5635736,224,281,152,2,1.668710231781006,1697,0,1356,0,8.550728188369764,-0.284914817532745,0.6200628925478119
1782480172.067346,230,281,152,2,1.6322970390319824,1677,0,1385,0,8.616443059592859,-0.2712395170025019,0.6734782263027926
1782480172.5712328,248,280,152,1,1.5947232246398926,1657,0,1491,0,8.742092489296343,-0.2552799234241015,0.7847732806189688
1782480173.0749989,255,281,152,1,1.54314923286438,1651,0,1487,0,8.707749301630006,-0.1862737813565439,0.7318517579254878
1782480173.5784135,268,286,152,1,1.1233060359954834,1568,0,1453,0,8.502367230856121,-0.0795657025484231,0.5086290747293863
1782480174.0817614,269,288,152,1,0.8776235580444336,1529,0,1416,0,8.14327655458676,0.0067490252454818,0.1434354225288062
1782480174.5870562,268,295,152,0,0.4226725101470947,1520,0,1377,0,8.020651223531237,0.0720471876225695,0.07494845080226041
1782480175.0909443,268,299,152,0,0.3729116916656494,1520,0,1377,0,7.991564594144376,0.0563250004223905,0.05695315394718179
1782480175.5950625,268,299,152,0,0.3729116916656494,1557,0,1360,0,8.011463366313064,0.0561841517258434,0.05734167483061591
1782480176.0998783,274,291,152,0,0.5361196994781494,1562,0,1453,0,8.001604478098196,0.092863364690679,0.09287722461207397
1782480176.6054668,276,289,152,0,0.5658600330352783,1545,0,1460,0,7.9942281313041725,0.1224750944039819,0.12261102404558144
1782480177.1094515,281,284,152,0,0.4154908657073974,1465,0,1426,0,8.030679190771803,0.1075478274859899,0.11183804336346788
1782480177.6133518,282,281,152,0,0.2778162956237793,1449,0,1379,0,8.008720325059814,0.1017723588250649,0.10214527443776626
1782480178.117278,280,282,282,0,0.0,1540,0,1350,0,7.927969853762515,0.1588125947595853,0.174384007928668
1782480178.6213355,281,282,282,0,0.0,1553,0,1447,0,7.767908626229453,0.2297939960886555,0.3266063171726667
1782480179.125707,286,282,282,0,0.0,1513,0,1487,0,7.766209229225534,0.2418838862122173,0.3364014549737322
1782480179.6303723,286,282,282,0,0.0,1513,0,1487,0,7.84702196279896,0.211726160785374,0.26120920165031847
