time,heading,target_bearing,nav_bearing,wp_dist,xtrack_error,servo1,servo2,servo3,servo4,x,y
1782478656.5164826,179,91,27,1,1.5834457874298096,1519,0,1495,0,2.2692982215061916,8.295753843693301
1782478657.0205956,176,91,27,1,1.5834457874298096,1519,0,1495,0,2.2723905165359857,8.339494271830894
1782478657.5258327,175,92,27,1,1.5715835094451904,1550,0,1496,0,2.232003090414693,8.39541698264438
1782478658.0296314,174,92,27,1,1.5715835094451904,1550,0,1496,0,2.1909257786114935,8.471455231585319
1782478658.5334704,175,94,27,1,1.6410205364227295,1536,0,1529,0,2.1588099556859586,8.563914138582549
1782478659.037694,177,94,27,1,1.6410205364227295,1536,0,1529,0,2.1560063196112615,8.527945963425134
1782478659.542941,177,97,27,1,1.7153754234313965,1553,0,1541,0,2.1580751330225474,8.4801348577684
1782478660.0471811,177,97,27,1,1.7153754234313965,1553,0,1541,0,2.172039335397424,8.30767856325781
1782478660.5521324,177,99,27,1,1.786258578300476,1560,0,1552,0,2.1928293268178507,8.143156099763631
1782478661.0555506,180,99,27,1,1.786258578300476,1560,0,1552,0,2.179107695772511,8.10417414176544
1782478661.5602274,180,98,27,1,1.7732391357421875,1534,0,1543,0,2.1143345979636923,8.096575154248995
1782478662.0653794,177,98,27,1,1.7732391357421875,1534,0,1543,0,2.068189989810246,8.186202218538913
1782478662.5704648,176,95,27,1,1.7107460498809814,1540,0,1495,0,2.068189989810246,8.186202218538913
1782478663.0759122,177,95,27,1,1.7107460498809814,1540,0,1495,0,2.068189989810246,8.186202218538913
1782478663.5801363,177,87,27,1,1.575923204421997,1494,0,1484,0,2.068189989810246,8.186202218538913
1782478664.0842292,177,87,27,1,1.575923204421997,1494,0,1484,0,2.068189989810246,8.186202218538913
1782478664.589836,176,86,27,1,1.5695586204528809,1506,0,1480,0,2.068189989810246,8.186202218538913
1782478665.0942972,177,86,27,1,1.642756462097168,1506,0,1480,0,2.068189989810246,8.186202218538913
1782478665.599128,178,86,27,1,1.642756462097168,1512,0,1501,0,2.068189989810246,8.186202218538913
1782478666.1039762,183,86,27,1,1.642756462097168,1512,0,1501,0,2.068189989810246,8.186202218538913
1782478666.609459,184,93,27,1,1.8041961193084717,1488,0,1537,0,2.068189989810246,8.186202218538913
1782478667.1157274,184,88,27,1,1.7388100624084473,1470,0,1477,0,2.068189989810246,8.186202218538913
1782478667.6202593,183,85,27,1,1.706116795539856,1459,0,1469,0,2.068189989810246,8.186202218538913
1782478668.125164,184,89,27,1,1.7752645015716553,1504,0,1521,0,2.068189989810246,8.186202218538913
1782478668.630252,185,92,27,1,1.8342852592468262,1523,0,1532,0,2.068189989810246,8.186202218538913
1782478669.1348019,185,92,27,1,1.8342852592468262,1523,0,1532,0,2.068189989810246,8.186202218538913
1782478669.6384716,183,98,27,2,1.9410443305969238,1537,0,1528,0,2.068189989810246,8.186202218538913
1782478670.1420043,183,98,27,2,1.9312076568603516,1523,0,1523,0,2.068189989810246,8.186202218538913
1782478670.6469543,182,97,27,2,1.914716124534607,1536,0,1530,0,2.068189989810246,8.186202218538913
1782478671.1516519,182,98,27,2,1.9294713735580444,1538,0,1536,0,2.068189989810246,8.186202218538913
1782478671.654919,183,98,27,2,1.9228169918060303,1533,0,1540,0,2.068189989810246,8.186202218538913
1782478672.1593463,182,98,27,2,1.9228169918060303,1545,0,1530,0,2.068189989810246,8.186202218538913
1782478672.6629598,182,90,27,1,1.79320228099823,1473,0,1471,0,2.068189989810246,8.186202218538913
1782478673.1664522,181,86,27,1,1.7341810464859009,1462,0,1454,0,2.068189989810246,8.186202218538913
1782478673.6707458,181,84,27,2,1.7364956140518188,1462,0,1454,0,2.068189989810246,8.186202218538913
1782478674.175068,180,84,27,2,1.7364956140518188,1493,0,1472,0,2.068189989810246,8.186202218538913
1782478674.679167,180,87,27,2,1.8221338987350464,1515,0,1512,0,2.068189989810246,8.186202218538913
1782478675.1831682,183,98,27,2,1.9893604516983032,1548,0,1543,0,2.068189989810246,8.186202218538913
1782478675.6872606,182,100,27,2,2.0055625438690186,1554,0,1536,0,2.068189989810246,8.186202218538913
1782478676.191033,182,94,27,2,1.9286035299301147,1499,0,1498,0,2.068189989810246,8.186202218538913
1782478676.6952991,183,92,27,2,1.8959101438522339,1483,0,1483,0,2.068189989810246,8.186202218538913
1782478677.2004628,183,82,27,2,1.7451752424240112,1443,0,1439,0,2.068189989810246,8.186202218538913
1782478677.7060194,183,83,27,2,1.7599304914474487,1472,0,1459,0,2.068189989810246,8.186202218538913
1782478678.2106652,183,95,27,2,1.9566675424575806,1472,0,1459,0,2.068189989810246,8.186202218538913
1782478678.715206,183,98,27,2,1.996014952659607,1531,0,1534,0,2.068189989810246,8.186202218538913
1782478679.2202742,184,98,27,2,1.996014952659607,1522,0,1543,0,2.068189989810246,8.186202218538913
1782478679.7245214,185,97,27,2,2.0078768730163574,1494,0,1494,0,2.068189989810246,8.186202218538913
1782478680.2289546,184,94,27,2,1.9786556959152222,1484,0,1481,0,2.068189989810246,8.186202218538913
1782478680.7328258,184,92,27,2,1.9540635347366333,1501,0,1496,0,2.068189989810246,8.186202218538913
1782478681.236908,183,93,27,2,1.95724618434906,1502,0,1500,0,2.068189989810246,8.186202218538913
1782478681.7409332,183,95,27,2,1.9850211143493652,1519,0,1520,0,2.068189989810246,8.186202218538913
1782478682.2450829,183,96,27,2,2.0046944618225098,1519,0,1527,0,2.068189989810246,8.186202218538913
1782478682.749632,184,95,27,2,1.9850211143493652,1500,0,1510,0,2.068189989810246,8.186202218538913
1782478683.2530563,183,95,27,2,1.9801025390625,1500,0,1510,0,2.068189989810246,8.186202218538913
1782478683.7566633,183,95,27,2,1.9801025390625,1500,0,1506,0,2.068189989810246,8.186202218538913
1782478684.2607546,183,90,27,2,1.9178987741470337,1475,0,1487,0,2.068189989810246,8.186202218538913
1782478684.7644327,183,91,27,2,1.9326540231704712,1492,0,1502,0,2.068189989810246,8.186202218538913
