time,heading,target_bearing,nav_bearing,wp_dist,xtrack_error,servo1,servo2
1782395191.9955056,95,95,95,0,0.0,1495,0
1782395193.0044694,97,95,95,0,0.0,1476,0
1782395194.0134292,97,95,95,0,0.0,1476,0
1782395195.0241156,95,95,95,0,0.0,1486,0
1782395196.0341492,92,95,95,0,0.0,1528,0
1782395197.043134,93,122,0,89,-0.06770417094230652,1568,0
1782395198.0520275,97,122,0,89,-0.1593039482831955,1581,0
1782395199.064567,106,122,0,89,-0.18718212842941284,1678,0
1782395200.0734074,108,122,0,89,-0.15419089794158936,1723,0
1782395201.0848525,118,122,0,89,-0.03333897888660431,1929,0
1782395202.094041,124,122,0,88,-0.020764648914337158,2000,0
1782395203.1016626,124,122,0,86,-0.0669029951095581,2000,0
1782395204.109532,125,122,0,83,-0.14844942092895508,2000,0
1782395205.1199617,126,122,0,81,-0.2435612678527832,2000,0
1782395206.1285892,125,122,0,79,-0.37604618072509766,2000,0
1782395207.1381898,128,122,0,76,-0.565765380859375,2000,0
1782395208.1462188,127,121,0,74,-0.761136531829834,2000,0
1782395209.1549199,127,121,0,71,-1.006906509399414,2000,0
1782395210.1639574,128,121,0,70,-1.0636539459228516,1974,0
1782395211.1751873,128,121,0,67,-1.3287973403930664,1946,0
1782395212.1868815,126,121,0,65,-1.4886207580566406,1948,0
1782395213.199328,128,120,0,62,-1.634129524230957,1934,0
1782395214.208482,127,120,0,61,-1.7553949356079102,1953,0
1782395215.2188556,126,120,0,58,-1.9508161544799805,1949,0
1782395216.2267888,125,120,0,56,-2.0251264572143555,1943,0
1782395217.235755,127,120,0,53,-2.146792411804199,1913,0
